  0.00000000E+00 -0.42505236E+01
  0.11116747E-01 -0.42502165E+01
  0.22233494E-01 -0.42492951E+01
  0.33350240E-01 -0.42477595E+01
  0.44466987E-01 -0.42456095E+01
  0.55583734E-01 -0.42428449E+01
  0.66700481E-01 -0.42394656E+01
  0.77817228E-01 -0.42354712E+01
  0.88933975E-01 -0.42308615E+01
  0.10005072E+00 -0.42256361E+01
  0.11116747E+00 -0.42197947E+01
  0.12228422E+00 -0.42133367E+01
  0.13340096E+00 -0.42062618E+01
  0.14451771E+00 -0.41985693E+01
  0.15563446E+00 -0.41902586E+01
  0.16675120E+00 -0.41813293E+01
  0.17786795E+00 -0.41717804E+01
  0.18898470E+00 -0.41616114E+01
  0.20010144E+00 -0.41508214E+01
  0.21121819E+00 -0.41394096E+01
  0.22233494E+00 -0.41273751E+01
  0.23345168E+00 -0.41147170E+01
  0.24456843E+00 -0.41014343E+01
  0.25568518E+00 -0.40875260E+01
  0.26680192E+00 -0.40729910E+01
  0.27791867E+00 -0.40578282E+01
  0.28903542E+00 -0.40420366E+01
  0.30015216E+00 -0.40256148E+01
  0.31126891E+00 -0.40085618E+01
  0.32238566E+00 -0.39908763E+01
  0.33350240E+00 -0.39725570E+01
  0.34461915E+00 -0.39536027E+01
  0.35573590E+00 -0.39340121E+01
  0.36685265E+00 -0.39137841E+01
  0.37796939E+00 -0.38929172E+01
  0.38908614E+00 -0.38714103E+01
  0.40020289E+00 -0.38492623E+01
  0.41131963E+00 -0.38264720E+01
  0.42243638E+00 -0.38030382E+01
  0.43355313E+00 -0.37789602E+01
  0.44466987E+00 -0.37542368E+01
  0.45578662E+00 -0.37288675E+01
  0.46690337E+00 -0.37028516E+01
  0.47802011E+00 -0.36761886E+01
  0.48913686E+00 -0.36488784E+01
  0.50025361E+00 -0.36209209E+01
  0.51137035E+00 -0.35923164E+01
  0.52248710E+00 -0.35630656E+01
  0.53360385E+00 -0.35331693E+01
  0.54472059E+00 -0.35026289E+01
  0.55583734E+00 -0.34714463E+01
  0.56695409E+00 -0.34396237E+01
  0.57807084E+00 -0.34071641E+01
  0.58918758E+00 -0.33740709E+01
  0.60030433E+00 -0.33403486E+01
  0.61142108E+00 -0.33060021E+01
  0.62253782E+00 -0.32710374E+01
  0.63365457E+00 -0.32354617E+01
  0.64477132E+00 -0.31992829E+01
  0.65588806E+00 -0.31625104E+01
  0.66700481E+00 -0.31251551E+01
  0.67812156E+00 -0.30872292E+01
  0.68923830E+00 -0.30487467E+01
  0.70035505E+00 -0.30097235E+01
  0.71147180E+00 -0.29701774E+01
  0.72258854E+00 -0.29301289E+01
  0.73370529E+00 -0.28896007E+01
  0.74482204E+00 -0.28486184E+01
  0.75593878E+00 -0.28072108E+01
  0.76705553E+00 -0.27654100E+01
  0.77817228E+00 -0.27232520E+01
  0.78928902E+00 -0.26807770E+01
  0.80040577E+00 -0.26380296E+01
  0.81152252E+00 -0.25950596E+01
  0.82263927E+00 -0.25519224E+01
  0.83375601E+00 -0.25086794E+01
  0.84487276E+00 -0.24653986E+01
  0.85598951E+00 -0.24221552E+01
  0.86710625E+00 -0.23790326E+01
  0.87822300E+00 -0.23361223E+01
  0.88933975E+00 -0.22935254E+01
  0.90045649E+00 -0.22513525E+01
  0.91157324E+00 -0.22097249E+01
  0.92268999E+00 -0.21687749E+01
  0.93380673E+00 -0.21286461E+01
  0.94492348E+00 -0.20894940E+01
  0.95604023E+00 -0.20514856E+01
  0.96715697E+00 -0.20147997E+01
  0.97827372E+00 -0.19796258E+01
  0.98939047E+00 -0.19461630E+01
  0.10005072E+01 -0.19146185E+01
  0.10116240E+01 -0.18852048E+01
  0.10227407E+01 -0.18581371E+01
  0.10338575E+01 -0.18336288E+01
  0.10449742E+01 -0.18118876E+01
  0.10560909E+01 -0.17931097E+01
  0.10672077E+01 -0.17774743E+01
  0.10783244E+01 -0.17651382E+01
  0.10894412E+01 -0.17562301E+01
  0.11005579E+01 -0.17508457E+01
  0.11116747E+01 -0.17490443E+01
  0.11229043E+01 -0.17490507E+01
  0.11341339E+01 -0.17490706E+01
  0.11453635E+01 -0.17491056E+01
  0.11565931E+01 -0.17491588E+01
  0.11678227E+01 -0.17492342E+01
  0.11790523E+01 -0.17493371E+01
  0.11902820E+01 -0.17494738E+01
  0.12015116E+01 -0.17496519E+01
  0.12127412E+01 -0.17498799E+01
  0.12239708E+01 -0.17501674E+01
  0.12352004E+01 -0.17505250E+01
  0.12464300E+01 -0.17509646E+01
  0.12576596E+01 -0.17514988E+01
  0.12688892E+01 -0.17521413E+01
  0.12801188E+01 -0.17529069E+01
  0.12913484E+01 -0.17538112E+01
  0.13025781E+01 -0.17548709E+01
  0.13138077E+01 -0.17561038E+01
  0.13250373E+01 -0.17575287E+01
  0.13362669E+01 -0.17591654E+01
  0.13474965E+01 -0.17610349E+01
  0.13587261E+01 -0.17631593E+01
  0.13699557E+01 -0.17655620E+01
  0.13811853E+01 -0.17682675E+01
  0.13924149E+01 -0.17713019E+01
  0.14036445E+01 -0.17746923E+01
  0.14148742E+01 -0.17784675E+01
  0.14261038E+01 -0.17826577E+01
  0.14373334E+01 -0.17872945E+01
  0.14485630E+01 -0.17924109E+01
  0.14597926E+01 -0.17980415E+01
  0.14710222E+01 -0.18042222E+01
  0.14822518E+01 -0.18109903E+01
  0.14934814E+01 -0.18183843E+01
  0.15047110E+01 -0.18264437E+01
  0.15047110E+01 -0.18264437E+01
  0.15158347E+01 -0.18351227E+01
  0.15269584E+01 -0.18445340E+01
  0.15380820E+01 -0.18547175E+01
  0.15492057E+01 -0.18657133E+01
  0.15603294E+01 -0.18775609E+01
  0.15714531E+01 -0.18902990E+01
  0.15825767E+01 -0.19039648E+01
  0.15937004E+01 -0.19185938E+01
  0.16048241E+01 -0.19342192E+01
  0.16159477E+01 -0.19508711E+01
  0.16270714E+01 -0.19685766E+01
  0.16381951E+01 -0.19873585E+01
  0.16493188E+01 -0.20072355E+01
  0.16604424E+01 -0.20282212E+01
  0.16715661E+01 -0.20503243E+01
  0.16826898E+01 -0.20735477E+01
  0.16938134E+01 -0.20978887E+01
  0.17049371E+01 -0.21233387E+01
  0.17160608E+01 -0.21498830E+01
  0.17271844E+01 -0.21775009E+01
  0.17383081E+01 -0.22061659E+01
  0.17494318E+01 -0.22358460E+01
  0.17605555E+01 -0.22665036E+01
  0.17716791E+01 -0.22980961E+01
  0.17828028E+01 -0.23305765E+01
  0.17939265E+01 -0.23638934E+01
  0.18050501E+01 -0.23979920E+01
  0.18161738E+01 -0.24328143E+01
  0.18272975E+01 -0.24682998E+01
  0.18384211E+01 -0.25043859E+01
  0.18495448E+01 -0.25410086E+01
  0.18606685E+01 -0.25781031E+01
  0.18717922E+01 -0.26156039E+01
  0.18829158E+01 -0.26534457E+01
  0.18940395E+01 -0.26915637E+01
  0.19051632E+01 -0.27298940E+01
  0.19162868E+01 -0.27683738E+01
  0.19274105E+01 -0.28069418E+01
  0.19385342E+01 -0.28455389E+01
  0.19496579E+01 -0.28841076E+01
  0.19607815E+01 -0.29225930E+01
  0.19719052E+01 -0.29609424E+01
  0.19830289E+01 -0.29991057E+01
  0.19941525E+01 -0.30370357E+01
  0.20052762E+01 -0.30746874E+01
  0.20163999E+01 -0.31120189E+01
  0.20275235E+01 -0.31489910E+01
  0.20386472E+01 -0.31855672E+01
  0.20497709E+01 -0.32217136E+01
  0.20608946E+01 -0.32573990E+01
  0.20720182E+01 -0.32925950E+01
  0.20831419E+01 -0.33272753E+01
  0.20942656E+01 -0.33614165E+01
  0.21053892E+01 -0.33949973E+01
  0.21165129E+01 -0.34279984E+01
  0.21276366E+01 -0.34604031E+01
  0.21387602E+01 -0.34921964E+01
  0.21498839E+01 -0.35233653E+01
  0.21610076E+01 -0.35538984E+01
  0.21721313E+01 -0.35837862E+01
  0.21832549E+01 -0.36130207E+01
  0.21943786E+01 -0.36415951E+01
  0.22055023E+01 -0.36695042E+01
  0.22166259E+01 -0.36967438E+01
  0.22277496E+01 -0.37233109E+01
  0.22388733E+01 -0.37492033E+01
  0.22499970E+01 -0.37744199E+01
  0.22611206E+01 -0.37989602E+01
  0.22722443E+01 -0.38228245E+01
  0.22833680E+01 -0.38460136E+01
  0.22944916E+01 -0.38685288E+01
  0.23056153E+01 -0.38903720E+01
  0.23167390E+01 -0.39115451E+01
  0.23278626E+01 -0.39320506E+01
  0.23389863E+01 -0.39518912E+01
  0.23501100E+01 -0.39710697E+01
  0.23612337E+01 -0.39895888E+01
  0.23723573E+01 -0.40074516E+01
  0.23834810E+01 -0.40246611E+01
  0.23946047E+01 -0.40412202E+01
  0.24057283E+01 -0.40571319E+01
  0.24168520E+01 -0.40723990E+01
  0.24279757E+01 -0.40870243E+01
  0.24390993E+01 -0.41010104E+01
  0.24502230E+01 -0.41143599E+01
  0.24613467E+01 -0.41270750E+01
  0.24724704E+01 -0.41391580E+01
  0.24835940E+01 -0.41506111E+01
  0.24947177E+01 -0.41614360E+01
  0.25058414E+01 -0.41716346E+01
  0.25169650E+01 -0.41812084E+01
  0.25280887E+01 -0.41901588E+01
  0.25392124E+01 -0.41984873E+01
  0.25503361E+01 -0.42061949E+01
  0.25614597E+01 -0.42132826E+01
  0.25725834E+01 -0.42197514E+01
  0.25837071E+01 -0.42256020E+01
  0.25948307E+01 -0.42308352E+01
  0.26059544E+01 -0.42354514E+01
  0.26170781E+01 -0.42394513E+01
  0.26282017E+01 -0.42428351E+01
  0.26393254E+01 -0.42456033E+01
  0.26504491E+01 -0.42477560E+01
  0.26615728E+01 -0.42492936E+01
  0.26726964E+01 -0.42502161E+01
  0.26838201E+01 -0.42505236E+01
  0.26948861E+01 -0.42502193E+01
  0.27059520E+01 -0.42493063E+01
  0.27170180E+01 -0.42477847E+01
  0.27280839E+01 -0.42456542E+01
  0.27391499E+01 -0.42429147E+01
  0.27502159E+01 -0.42395658E+01
  0.27612818E+01 -0.42356074E+01
  0.27723478E+01 -0.42310390E+01
  0.27834137E+01 -0.42258603E+01
  0.27944797E+01 -0.42200708E+01
  0.28055457E+01 -0.42136699E+01
  0.28166116E+01 -0.42066571E+01
  0.28276776E+01 -0.41990318E+01
  0.28387435E+01 -0.41907933E+01
  0.28498095E+01 -0.41819410E+01
  0.28608755E+01 -0.41724741E+01
  0.28719414E+01 -0.41623918E+01
  0.28830074E+01 -0.41516933E+01
  0.28940733E+01 -0.41403777E+01
  0.29051393E+01 -0.41284443E+01
  0.29162053E+01 -0.41158921E+01
  0.29272712E+01 -0.41027203E+01
  0.29383372E+01 -0.40889280E+01
  0.29494031E+01 -0.40745144E+01
  0.29604691E+01 -0.40594785E+01
  0.29715351E+01 -0.40438197E+01
  0.29826010E+01 -0.40275372E+01
  0.29936670E+01 -0.40106303E+01
  0.30047329E+01 -0.39930985E+01
  0.30157989E+01 -0.39749413E+01
  0.30268649E+01 -0.39561585E+01
  0.30379308E+01 -0.39367499E+01
  0.30489968E+01 -0.39167157E+01
  0.30600627E+01 -0.38960561E+01
  0.30711287E+01 -0.38747719E+01
  0.30821947E+01 -0.38528640E+01
  0.30932606E+01 -0.38303338E+01
  0.31043266E+01 -0.38071831E+01
  0.31153925E+01 -0.37834142E+01
  0.31264585E+01 -0.37590300E+01
  0.31375245E+01 -0.37340340E+01
  0.31485904E+01 -0.37084306E+01
  0.31596564E+01 -0.36822250E+01
  0.31707223E+01 -0.36554232E+01
  0.31817883E+01 -0.36280324E+01
  0.31928543E+01 -0.36000609E+01
  0.32039202E+01 -0.35715185E+01
  0.32149862E+01 -0.35424162E+01
  0.32260521E+01 -0.35127670E+01
  0.32371181E+01 -0.34825854E+01
  0.32481841E+01 -0.34518881E+01
  0.32592500E+01 -0.34206941E+01
  0.32703160E+01 -0.33890248E+01
  0.32813819E+01 -0.33569043E+01
  0.32924479E+01 -0.33243598E+01
  0.33035139E+01 -0.32914218E+01
  0.33145798E+01 -0.32581243E+01
  0.33256458E+01 -0.32245055E+01
  0.33367117E+01 -0.31906078E+01
  0.33477777E+01 -0.31564781E+01
  0.33588437E+01 -0.31221687E+01
  0.33699096E+01 -0.30877372E+01
  0.33809756E+01 -0.30532472E+01
  0.33920415E+01 -0.30187686E+01
  0.34031075E+01 -0.29843779E+01
  0.34141735E+01 -0.29501588E+01
  0.34252394E+01 -0.29162024E+01
  0.34363054E+01 -0.28826076E+01
  0.34473713E+01 -0.28494810E+01
  0.34584373E+01 -0.28169375E+01
  0.34695033E+01 -0.27850998E+01
  0.34805692E+01 -0.27540984E+01
  0.34916352E+01 -0.27240711E+01
  0.35027011E+01 -0.26951624E+01
  0.35137671E+01 -0.26675227E+01
  0.35248331E+01 -0.26413063E+01
  0.35358990E+01 -0.26166707E+01
  0.35469650E+01 -0.25937739E+01
  0.35580309E+01 -0.25727723E+01
  0.35690969E+01 -0.25538179E+01
  0.35801629E+01 -0.25370554E+01
  0.35912288E+01 -0.25226191E+01
  0.36022948E+01 -0.25106295E+01
  0.36133607E+01 -0.25011904E+01
  0.36244267E+01 -0.24943859E+01
  0.36354927E+01 -0.24902778E+01
  0.36465586E+01 -0.24889042E+01
  0.36576301E+01 -0.24885817E+01
  0.36687015E+01 -0.24876149E+01
  0.36797730E+01 -0.24860060E+01
  0.36908444E+01 -0.24837586E+01
  0.37019158E+01 -0.24808777E+01
  0.37129873E+01 -0.24773698E+01
  0.37240587E+01 -0.24732426E+01
  0.37351302E+01 -0.24685051E+01
  0.37462016E+01 -0.24631677E+01
  0.37572731E+01 -0.24572418E+01
  0.37683445E+01 -0.24507399E+01
  0.37794160E+01 -0.24436758E+01
  0.37904874E+01 -0.24360641E+01
  0.38015589E+01 -0.24279200E+01
  0.38126303E+01 -0.24192600E+01
  0.38237018E+01 -0.24101009E+01
  0.38347732E+01 -0.24004602E+01
  0.38458447E+01 -0.23903561E+01
  0.38569161E+01 -0.23798069E+01
  0.38679875E+01 -0.23688316E+01
  0.38790590E+01 -0.23574490E+01
  0.38901304E+01 -0.23456786E+01
  0.39012019E+01 -0.23335394E+01
  0.39122733E+01 -0.23210510E+01
  0.39233448E+01 -0.23082326E+01
  0.39344162E+01 -0.22951033E+01
  0.39454877E+01 -0.22816823E+01
  0.39565591E+01 -0.22679886E+01
  0.39676306E+01 -0.22540408E+01
  0.39787020E+01 -0.22398577E+01
  0.39897735E+01 -0.22254578E+01
  0.40008449E+01 -0.22108594E+01
  0.40119163E+01 -0.21960808E+01
  0.40229878E+01 -0.21811405E+01
  0.40340592E+01 -0.21660568E+01
  0.40451307E+01 -0.21508484E+01
  0.40562021E+01 -0.21355341E+01
  0.40672736E+01 -0.21201332E+01
  0.40783450E+01 -0.21046655E+01
  0.40894165E+01 -0.20891515E+01
  0.41004879E+01 -0.20736126E+01
  0.41115594E+01 -0.20580709E+01
  0.41226308E+01 -0.20425499E+01
  0.41337023E+01 -0.20270742E+01
  0.41447737E+01 -0.20116697E+01
  0.41558452E+01 -0.19963641E+01
  0.41669166E+01 -0.19811865E+01
  0.41779880E+01 -0.19661679E+01
  0.41890595E+01 -0.19513410E+01
  0.42001309E+01 -0.19367402E+01
  0.42112024E+01 -0.19224022E+01
  0.42222738E+01 -0.19083651E+01
  0.42333453E+01 -0.18946688E+01
  0.42444167E+01 -0.18813550E+01
  0.42554882E+01 -0.18684668E+01
  0.42665596E+01 -0.18560483E+01
  0.42776311E+01 -0.18441448E+01
  0.42887025E+01 -0.18328020E+01
  0.42997740E+01 -0.18220659E+01
  0.43108454E+01 -0.18119822E+01
  0.43219169E+01 -0.18025957E+01
  0.43329883E+01 -0.17939502E+01
  0.43440597E+01 -0.17860875E+01
  0.43551312E+01 -0.17790471E+01
  0.43662026E+01 -0.17728654E+01
  0.43772741E+01 -0.17675753E+01
  0.43883455E+01 -0.17632058E+01
  0.43994170E+01 -0.17597811E+01
  0.44104884E+01 -0.17573208E+01
  0.44215599E+01 -0.17558388E+01
  0.44326313E+01 -0.17553439E+01
  0.44437481E+01 -0.17553377E+01
  0.44548648E+01 -0.17553192E+01
  0.44659816E+01 -0.17552883E+01
  0.44770983E+01 -0.17552453E+01
  0.44882151E+01 -0.17551903E+01
  0.44993318E+01 -0.17551236E+01
  0.45104485E+01 -0.17550453E+01
  0.45215653E+01 -0.17549558E+01
  0.45326820E+01 -0.17548554E+01
  0.45437988E+01 -0.17547445E+01
  0.45549155E+01 -0.17546236E+01
  0.45660323E+01 -0.17544932E+01
  0.45771490E+01 -0.17543536E+01
  0.45882658E+01 -0.17542056E+01
  0.45993825E+01 -0.17540496E+01
  0.46104993E+01 -0.17538864E+01
  0.46216160E+01 -0.17537164E+01
  0.46327328E+01 -0.17535404E+01
  0.46438495E+01 -0.17533591E+01
  0.46549663E+01 -0.17531732E+01
  0.46660830E+01 -0.17529834E+01
  0.46771997E+01 -0.17527904E+01
  0.46883165E+01 -0.17525951E+01
  0.46994332E+01 -0.17523982E+01
  0.47105500E+01 -0.17522004E+01
  0.47216667E+01 -0.17520026E+01
  0.47327835E+01 -0.17518056E+01
  0.47439002E+01 -0.17516100E+01
  0.47550170E+01 -0.17514167E+01
  0.47661337E+01 -0.17512265E+01
  0.47772505E+01 -0.17510401E+01
  0.47883672E+01 -0.17508582E+01
  0.47994840E+01 -0.17506815E+01
  0.48106007E+01 -0.17505109E+01
  0.48217175E+01 -0.17503468E+01
  0.48328342E+01 -0.17501901E+01
  0.48439510E+01 -0.17500413E+01
  0.48550677E+01 -0.17499010E+01
  0.48661844E+01 -0.17497697E+01
  0.48773012E+01 -0.17496480E+01
  0.48884179E+01 -0.17495365E+01
  0.48995347E+01 -0.17494354E+01
  0.49106514E+01 -0.17493452E+01
  0.49217682E+01 -0.17492663E+01
  0.49328849E+01 -0.17491991E+01
  0.49440017E+01 -0.17491436E+01
  0.49551184E+01 -0.17491003E+01
  0.49662352E+01 -0.17490692E+01
  0.49773519E+01 -0.17490505E+01
  0.49884687E+01 -0.17490443E+01
  
  0.00000000E+00  0.85514545E+01
  0.11116747E-01  0.85500748E+01
  0.22233494E-01  0.85459367E+01
  0.33350240E-01  0.85390432E+01
  0.44466987E-01  0.85293992E+01
  0.55583734E-01  0.85170116E+01
  0.66700481E-01  0.85018894E+01
  0.77817228E-01  0.84840434E+01
  0.88933975E-01  0.84634864E+01
  0.10005072E+00  0.84402332E+01
  0.11116747E+00  0.84143004E+01
  0.12228422E+00  0.83857066E+01
  0.13340096E+00  0.83544724E+01
  0.14451771E+00  0.83206201E+01
  0.15563446E+00  0.82841739E+01
  0.16675120E+00  0.82451598E+01
  0.17786795E+00  0.82036059E+01
  0.18898470E+00  0.81595417E+01
  0.20010144E+00  0.81129988E+01
  0.21121819E+00  0.80640102E+01
  0.22233494E+00  0.80126110E+01
  0.23345168E+00  0.79588377E+01
  0.24456843E+00  0.79027285E+01
  0.25568518E+00  0.78443234E+01
  0.26680192E+00  0.77836637E+01
  0.27791867E+00  0.77207926E+01
  0.28903542E+00  0.76557545E+01
  0.30015216E+00  0.75885954E+01
  0.31126891E+00  0.75193628E+01
  0.32238566E+00  0.74481057E+01
  0.33350240E+00  0.73748741E+01
  0.34461915E+00  0.72997198E+01
  0.35573590E+00  0.72226956E+01
  0.36685265E+00  0.71438556E+01
  0.37796939E+00  0.70632551E+01
  0.38908614E+00  0.69809508E+01
  0.40020289E+00  0.68970001E+01
  0.41131963E+00  0.68114619E+01
  0.42243638E+00  0.67243960E+01
  0.43355313E+00  0.66358632E+01
  0.44466987E+00  0.65459252E+01
  0.45578662E+00  0.64546449E+01
  0.46690337E+00  0.63620858E+01
  0.47802011E+00  0.62683125E+01
  0.48913686E+00  0.61733904E+01
  0.50025361E+00  0.60773855E+01
  0.51137035E+00  0.59803649E+01
  0.52248710E+00  0.58823964E+01
  0.53360385E+00  0.57835482E+01
  0.54472059E+00  0.56838897E+01
  0.55583734E+00  0.55834907E+01
  0.56695409E+00  0.54824218E+01
  0.57807084E+00  0.53807543E+01
  0.58918758E+00  0.52785601E+01
  0.60030433E+00  0.51759120E+01
  0.61142108E+00  0.50728834E+01
  0.62253782E+00  0.49695484E+01
  0.63365457E+00  0.48659821E+01
  0.64477132E+00  0.47622601E+01
  0.65588806E+00  0.46584591E+01
  0.66700481E+00  0.45546568E+01
  0.67812156E+00  0.44509319E+01
  0.68923830E+00  0.43473641E+01
  0.70035505E+00  0.42440344E+01
  0.71147180E+00  0.41410253E+01
  0.72258854E+00  0.40384208E+01
  0.73370529E+00  0.39363064E+01
  0.74482204E+00  0.38347698E+01
  0.75593878E+00  0.37339007E+01
  0.76705553E+00  0.36337912E+01
  0.77817228E+00  0.35345361E+01
  0.78928902E+00  0.34362331E+01
  0.80040577E+00  0.33389836E+01
  0.81152252E+00  0.32428924E+01
  0.82263927E+00  0.31480686E+01
  0.83375601E+00  0.30546261E+01
  0.84487276E+00  0.29626838E+01
  0.85598951E+00  0.28723665E+01
  0.86710625E+00  0.27838053E+01
  0.87822300E+00  0.26971380E+01
  0.88933975E+00  0.26125102E+01
  0.90045649E+00  0.25300755E+01
  0.91157324E+00  0.24499961E+01
  0.92268999E+00  0.23724436E+01
  0.93380673E+00  0.22975990E+01
  0.94492348E+00  0.22256531E+01
  0.95604023E+00  0.21568067E+01
  0.96715697E+00  0.20912700E+01
  0.97827372E+00  0.20292620E+01
  0.98939047E+00  0.19710094E+01
  0.10005072E+01  0.19167446E+01
  0.10116240E+01  0.18667037E+01
  0.10227407E+01  0.18211227E+01
  0.10338575E+01  0.17802343E+01
  0.10449742E+01  0.17442628E+01
  0.10560909E+01  0.17134190E+01
  0.10672077E+01  0.16878946E+01
  0.10783244E+01  0.16678565E+01
  0.10894412E+01  0.16534413E+01
  0.11005579E+01  0.16447505E+01
  0.11116747E+01  0.16418465E+01
  0.11229043E+01  0.16421802E+01
  0.11341339E+01  0.16431804E+01
  0.11453635E+01  0.16448447E+01
  0.11565931E+01  0.16471691E+01
  0.11678227E+01  0.16501481E+01
  0.11790523E+01  0.16537744E+01
  0.11902820E+01  0.16580389E+01
  0.12015116E+01  0.16629312E+01
  0.12127412E+01  0.16684387E+01
  0.12239708E+01  0.16745473E+01
  0.12352004E+01  0.16812410E+01
  0.12464300E+01  0.16885021E+01
  0.12576596E+01  0.16963110E+01
  0.12688892E+01  0.17046464E+01
  0.12801188E+01  0.17134853E+01
  0.12913484E+01  0.17228029E+01
  0.13025781E+01  0.17325731E+01
  0.13138077E+01  0.17427684E+01
  0.13250373E+01  0.17533600E+01
  0.13362669E+01  0.17643186E+01
  0.13474965E+01  0.17756139E+01
  0.13587261E+01  0.17872157E+01
  0.13699557E+01  0.17990941E+01
  0.13811853E+01  0.18112200E+01
  0.13924149E+01  0.18235655E+01
  0.14036445E+01  0.18361050E+01
  0.14148742E+01  0.18488155E+01
  0.14261038E+01  0.18616775E+01
  0.14373334E+01  0.18746758E+01
  0.14485630E+01  0.18878006E+01
  0.14597926E+01  0.19010475E+01
  0.14710222E+01  0.19144195E+01
  0.14822518E+01  0.19279268E+01
  0.14934814E+01  0.19415879E+01
  0.15047110E+01  0.19554302E+01
  0.15047110E+01  0.19554302E+01
  0.15158347E+01  0.19693567E+01
  0.15269584E+01  0.19835424E+01
  0.15380820E+01  0.19980419E+01
  0.15492057E+01  0.20129196E+01
  0.15603294E+01  0.20282489E+01
  0.15714531E+01  0.20441122E+01
  0.15825767E+01  0.20606005E+01
  0.15937004E+01  0.20778117E+01
  0.16048241E+01  0.20958507E+01
  0.16159477E+01  0.21148275E+01
  0.16270714E+01  0.21348562E+01
  0.16381951E+01  0.21560539E+01
  0.16493188E+01  0.21785387E+01
  0.16604424E+01  0.22024289E+01
  0.16715661E+01  0.22278412E+01
  0.16826898E+01  0.22548893E+01
  0.16938134E+01  0.22836830E+01
  0.17049371E+01  0.23143267E+01
  0.17160608E+01  0.23469185E+01
  0.17271844E+01  0.23815493E+01
  0.17383081E+01  0.24183019E+01
  0.17494318E+01  0.24572507E+01
  0.17605555E+01  0.24984610E+01
  0.17716791E+01  0.25419890E+01
  0.17828028E+01  0.25878813E+01
  0.17939265E+01  0.26361750E+01
  0.18050501E+01  0.26868980E+01
  0.18161738E+01  0.27400688E+01
  0.18272975E+01  0.27956971E+01
  0.18384211E+01  0.28537839E+01
  0.18495448E+01  0.29143216E+01
  0.18606685E+01  0.29772950E+01
  0.18717922E+01  0.30426812E+01
  0.18829158E+01  0.31104503E+01
  0.18940395E+01  0.31805653E+01
  0.19051632E+01  0.32529833E+01
  0.19162868E+01  0.33276552E+01
  0.19274105E+01  0.34045264E+01
  0.19385342E+01  0.34835372E+01
  0.19496579E+01  0.35646228E+01
  0.19607815E+01  0.36477141E+01
  0.19719052E+01  0.37327376E+01
  0.19830289E+01  0.38196157E+01
  0.19941525E+01  0.39082675E+01
  0.20052762E+01  0.39986082E+01
  0.20163999E+01  0.40905501E+01
  0.20275235E+01  0.41840022E+01
  0.20386472E+01  0.42788708E+01
  0.20497709E+01  0.43750596E+01
  0.20608946E+01  0.44724698E+01
  0.20720182E+01  0.45710003E+01
  0.20831419E+01  0.46705479E+01
  0.20942656E+01  0.47710074E+01
  0.21053892E+01  0.48722720E+01
  0.21165129E+01  0.49742331E+01
  0.21276366E+01  0.50767805E+01
  0.21387602E+01  0.51798028E+01
  0.21498839E+01  0.52831874E+01
  0.21610076E+01  0.53868207E+01
  0.21721313E+01  0.54905880E+01
  0.21832549E+01  0.55943739E+01
  0.21943786E+01  0.56980626E+01
  0.22055023E+01  0.58015377E+01
  0.22166259E+01  0.59046823E+01
  0.22277496E+01  0.60073797E+01
  0.22388733E+01  0.61095128E+01
  0.22499970E+01  0.62109651E+01
  0.22611206E+01  0.63116199E+01
  0.22722443E+01  0.64113613E+01
  0.22833680E+01  0.65100739E+01
  0.22944916E+01  0.66076430E+01
  0.23056153E+01  0.67039548E+01
  0.23167390E+01  0.67988967E+01
  0.23278626E+01  0.68923572E+01
  0.23389863E+01  0.69842261E+01
  0.23501100E+01  0.70743949E+01
  0.23612337E+01  0.71627567E+01
  0.23723573E+01  0.72492063E+01
  0.23834810E+01  0.73336407E+01
  0.23946047E+01  0.74159588E+01
  0.24057283E+01  0.74960620E+01
  0.24168520E+01  0.75738538E+01
  0.24279757E+01  0.76492405E+01
  0.24390993E+01  0.77221310E+01
  0.24502230E+01  0.77924369E+01
  0.24613467E+01  0.78600730E+01
  0.24724704E+01  0.79249569E+01
  0.24835940E+01  0.79870095E+01
  0.24947177E+01  0.80461550E+01
  0.25058414E+01  0.81023212E+01
  0.25169650E+01  0.81554390E+01
  0.25280887E+01  0.82054434E+01
  0.25392124E+01  0.82522728E+01
  0.25503361E+01  0.82958697E+01
  0.25614597E+01  0.83361801E+01
  0.25725834E+01  0.83731545E+01
  0.25837071E+01  0.84067471E+01
  0.25948307E+01  0.84369163E+01
  0.26059544E+01  0.84636249E+01
  0.26170781E+01  0.84868397E+01
  0.26282017E+01  0.85065320E+01
  0.26393254E+01  0.85226773E+01
  0.26504491E+01  0.85352556E+01
  0.26615728E+01  0.85442513E+01
  0.26726964E+01  0.85496531E+01
  0.26838201E+01  0.85514545E+01
  0.26948861E+01  0.85495332E+01
  0.27059520E+01  0.85437713E+01
  0.27170180E+01  0.85341752E+01
  0.27280839E+01  0.85207551E+01
  0.27391499E+01  0.85035257E+01
  0.27502159E+01  0.84825055E+01
  0.27612818E+01  0.84577173E+01
  0.27723478E+01  0.84291879E+01
  0.27834137E+01  0.83969481E+01
  0.27944797E+01  0.83610328E+01
  0.28055457E+01  0.83214807E+01
  0.28166116E+01  0.82783345E+01
  0.28276776E+01  0.82316406E+01
  0.28387435E+01  0.81814494E+01
  0.28498095E+01  0.81278149E+01
  0.28608755E+01  0.80707946E+01
  0.28719414E+01  0.80104499E+01
  0.28830074E+01  0.79468454E+01
  0.28940733E+01  0.78800493E+01
  0.29051393E+01  0.78101331E+01
  0.29162053E+01  0.77371715E+01
  0.29272712E+01  0.76612424E+01
  0.29383372E+01  0.75824267E+01
  0.29494031E+01  0.75008084E+01
  0.29604691E+01  0.74164742E+01
  0.29715351E+01  0.73295137E+01
  0.29826010E+01  0.72400192E+01
  0.29936670E+01  0.71480854E+01
  0.30047329E+01  0.70538097E+01
  0.30157989E+01  0.69572916E+01
  0.30268649E+01  0.68586329E+01
  0.30379308E+01  0.67579379E+01
  0.30489968E+01  0.66553124E+01
  0.30600627E+01  0.65508647E+01
  0.30711287E+01  0.64447044E+01
  0.30821947E+01  0.63369434E+01
  0.30932606E+01  0.62276948E+01
  0.31043266E+01  0.61170736E+01
  0.31153925E+01  0.60051961E+01
  0.31264585E+01  0.58921801E+01
  0.31375245E+01  0.57781448E+01
  0.31485904E+01  0.56632104E+01
  0.31596564E+01  0.55474987E+01
  0.31707223E+01  0.54311325E+01
  0.31817883E+01  0.53142356E+01
  0.31928543E+01  0.51969332E+01
  0.32039202E+01  0.50793513E+01
  0.32149862E+01  0.49616173E+01
  0.32260521E+01  0.48438595E+01
  0.32371181E+01  0.47262074E+01
  0.32481841E+01  0.46087918E+01
  0.32592500E+01  0.44917446E+01
  0.32703160E+01  0.43751993E+01
  0.32813819E+01  0.42592905E+01
  0.32924479E+01  0.41441548E+01
  0.33035139E+01  0.40299303E+01
  0.33145798E+01  0.39167571E+01
  0.33256458E+01  0.38047773E+01
  0.33367117E+01  0.36941356E+01
  0.33477777E+01  0.35849790E+01
  0.33588437E+01  0.34774576E+01
  0.33699096E+01  0.33717245E+01
  0.33809756E+01  0.32679362E+01
  0.33920415E+01  0.31662529E+01
  0.34031075E+01  0.30668388E+01
  0.34141735E+01  0.29698624E+01
  0.34252394E+01  0.28754966E+01
  0.34363054E+01  0.27839190E+01
  0.34473713E+01  0.26953119E+01
  0.34584373E+01  0.26098624E+01
  0.34695033E+01  0.25277622E+01
  0.34805692E+01  0.24492075E+01
  0.34916352E+01  0.23743980E+01
  0.35027011E+01  0.23035366E+01
  0.35137671E+01  0.22368282E+01
  0.35248331E+01  0.21744784E+01
  0.35358990E+01  0.21166916E+01
  0.35469650E+01  0.20636690E+01
  0.35580309E+01  0.20156064E+01
  0.35690969E+01  0.19726910E+01
  0.35801629E+01  0.19350987E+01
  0.35912288E+01  0.19029911E+01
  0.36022948E+01  0.18765116E+01
  0.36133607E+01  0.18557829E+01
  0.36244267E+01  0.18409038E+01
  0.36354927E+01  0.18319468E+01
  0.36465586E+01  0.18289562E+01
  0.36576301E+01  0.18291260E+01
  0.36687015E+01  0.18296353E+01
  0.36797730E+01  0.18304846E+01
  0.36908444E+01  0.18316744E+01
  0.37019158E+01  0.18332052E+01
  0.37129873E+01  0.18350777E+01
  0.37240587E+01  0.18372929E+01
  0.37351302E+01  0.18398513E+01
  0.37462016E+01  0.18427534E+01
  0.37572731E+01  0.18459997E+01
  0.37683445E+01  0.18495900E+01
  0.37794160E+01  0.18535236E+01
  0.37904874E+01  0.18577994E+01
  0.38015589E+01  0.18624152E+01
  0.38126303E+01  0.18673679E+01
  0.38237018E+01  0.18726532E+01
  0.38347732E+01  0.18782657E+01
  0.38458447E+01  0.18841982E+01
  0.38569161E+01  0.18904419E+01
  0.38679875E+01  0.18969859E+01
  0.38790590E+01  0.19038176E+01
  0.38901304E+01  0.19109216E+01
  0.39012019E+01  0.19182805E+01
  0.39122733E+01  0.19258740E+01
  0.39233448E+01  0.19336790E+01
  0.39344162E+01  0.19416695E+01
  0.39454877E+01  0.19498167E+01
  0.39565591E+01  0.19580882E+01
  0.39676306E+01  0.19664490E+01
  0.39787020E+01  0.19748604E+01
  0.39897735E+01  0.19832809E+01
  0.40008449E+01  0.19916659E+01
  0.40119163E+01  0.19999678E+01
  0.40229878E+01  0.20081366E+01
  0.40340592E+01  0.20161199E+01
  0.40451307E+01  0.20238632E+01
  0.40562021E+01  0.20313110E+01
  0.40672736E+01  0.20384066E+01
  0.40783450E+01  0.20450933E+01
  0.40894165E+01  0.20513153E+01
  0.41004879E+01  0.20570180E+01
  0.41115594E+01  0.20621497E+01
  0.41226308E+01  0.20666621E+01
  0.41337023E+01  0.20705119E+01
  0.41447737E+01  0.20736616E+01
  0.41558452E+01  0.20760806E+01
  0.41669166E+01  0.20777469E+01
  0.41779880E+01  0.20786473E+01
  0.41890595E+01  0.20787791E+01
  0.42001309E+01  0.20781505E+01
  0.42112024E+01  0.20767811E+01
  0.42222738E+01  0.20747025E+01
  0.42333453E+01  0.20719581E+01
  0.42444167E+01  0.20686028E+01
  0.42554882E+01  0.20647028E+01
  0.42665596E+01  0.20603342E+01
  0.42776311E+01  0.20555822E+01
  0.42887025E+01  0.20505397E+01
  0.42997740E+01  0.20453052E+01
  0.43108454E+01  0.20399816E+01
  0.43219169E+01  0.20346736E+01
  0.43329883E+01  0.20294858E+01
  0.43440597E+01  0.20245209E+01
  0.43551312E+01  0.20198773E+01
  0.43662026E+01  0.20156472E+01
  0.43772741E+01  0.20119144E+01
  0.43883455E+01  0.20087535E+01
  0.43994170E+01  0.20062271E+01
  0.44104884E+01  0.20043858E+01
  0.44215599E+01  0.20032661E+01
  0.44326313E+01  0.20028903E+01
  0.44437481E+01  0.20024990E+01
  0.44548648E+01  0.20013269E+01
  0.44659816E+01  0.19993803E+01
  0.44770983E+01  0.19966693E+01
  0.44882151E+01  0.19932080E+01
  0.44993318E+01  0.19890142E+01
  0.45104485E+01  0.19841094E+01
  0.45215653E+01  0.19785185E+01
  0.45326820E+01  0.19722698E+01
  0.45437988E+01  0.19653943E+01
  0.45549155E+01  0.19579260E+01
  0.45660323E+01  0.19499012E+01
  0.45771490E+01  0.19413585E+01
  0.45882658E+01  0.19323384E+01
  0.45993825E+01  0.19228829E+01
  0.46104993E+01  0.19130355E+01
  0.46216160E+01  0.19028409E+01
  0.46327328E+01  0.18923443E+01
  0.46438495E+01  0.18815917E+01
  0.46549663E+01  0.18706293E+01
  0.46660830E+01  0.18595037E+01
  0.46771997E+01  0.18482609E+01
  0.46883165E+01  0.18369470E+01
  0.46994332E+01  0.18256075E+01
  0.47105500E+01  0.18142870E+01
  0.47216667E+01  0.18030296E+01
  0.47327835E+01  0.17918783E+01
  0.47439002E+01  0.17808749E+01
  0.47550170E+01  0.17700602E+01
  0.47661337E+01  0.17594735E+01
  0.47772505E+01  0.17491529E+01
  0.47883672E+01  0.17391349E+01
  0.47994840E+01  0.17294542E+01
  0.48106007E+01  0.17201444E+01
  0.48217175E+01  0.17112370E+01
  0.48328342E+01  0.17027619E+01
  0.48439510E+01  0.16947473E+01
  0.48550677E+01  0.16872194E+01
  0.48661844E+01  0.16802028E+01
  0.48773012E+01  0.16737200E+01
  0.48884179E+01  0.16677917E+01
  0.48995347E+01  0.16624368E+01
  0.49106514E+01  0.16576721E+01
  0.49217682E+01  0.16535124E+01
  0.49328849E+01  0.16499707E+01
  0.49440017E+01  0.16470580E+01
  0.49551184E+01  0.16447832E+01
  0.49662352E+01  0.16431534E+01
  0.49773519E+01  0.16421735E+01
  0.49884687E+01  0.16418465E+01
  
  0.00000000E+00  0.85514545E+01
  0.11116747E-01  0.85507960E+01
  0.22233494E-01  0.85488210E+01
  0.33350240E-01  0.85455315E+01
  0.44466987E-01  0.85409305E+01
  0.55583734E-01  0.85350225E+01
  0.66700481E-01  0.85278132E+01
  0.77817228E-01  0.85193092E+01
  0.88933975E-01  0.85095189E+01
  0.10005072E+00  0.84984515E+01
  0.11116747E+00  0.84861176E+01
  0.12228422E+00  0.84725290E+01
  0.13340096E+00  0.84576986E+01
  0.14451771E+00  0.84416407E+01
  0.15563446E+00  0.84243704E+01
  0.16675120E+00  0.84059045E+01
  0.17786795E+00  0.83862605E+01
  0.18898470E+00  0.83654573E+01
  0.20010144E+00  0.83435147E+01
  0.21121819E+00  0.83204539E+01
  0.22233494E+00  0.82962968E+01
  0.23345168E+00  0.82710667E+01
  0.24456843E+00  0.82447878E+01
  0.25568518E+00  0.82174854E+01
  0.26680192E+00  0.81891857E+01
  0.27791867E+00  0.81599159E+01
  0.28903542E+00  0.81297042E+01
  0.30015216E+00  0.80985797E+01
  0.31126891E+00  0.80665724E+01
  0.32238566E+00  0.80337133E+01
  0.33350240E+00  0.80000340E+01
  0.34461915E+00  0.79655671E+01
  0.35573590E+00  0.79303460E+01
  0.36685265E+00  0.78944048E+01
  0.37796939E+00  0.78577783E+01
  0.38908614E+00  0.78205021E+01
  0.40020289E+00  0.77826123E+01
  0.41131963E+00  0.77441458E+01
  0.42243638E+00  0.77051401E+01
  0.43355313E+00  0.76656331E+01
  0.44466987E+00  0.76256633E+01
  0.45578662E+00  0.75852698E+01
  0.46690337E+00  0.75444920E+01
  0.47802011E+00  0.75033699E+01
  0.48913686E+00  0.74619436E+01
  0.50025361E+00  0.74202538E+01
  0.51137035E+00  0.73783413E+01
  0.52248710E+00  0.73362474E+01
  0.53360385E+00  0.72940135E+01
  0.54472059E+00  0.72516810E+01
  0.55583734E+00  0.72092918E+01
  0.56695409E+00  0.71668876E+01
  0.57807084E+00  0.71245103E+01
  0.58918758E+00  0.70822017E+01
  0.60030433E+00  0.70400039E+01
  0.61142108E+00  0.69979584E+01
  0.62253782E+00  0.69561071E+01
  0.63365457E+00  0.69144915E+01
  0.64477132E+00  0.68731529E+01
  0.65588806E+00  0.68321324E+01
  0.66700481E+00  0.67914709E+01
  0.67812156E+00  0.67512090E+01
  0.68923830E+00  0.67113867E+01
  0.70035505E+00  0.66720438E+01
  0.71147180E+00  0.66332197E+01
  0.72258854E+00  0.65949533E+01
  0.73370529E+00  0.65572827E+01
  0.74482204E+00  0.65202459E+01
  0.75593878E+00  0.64838799E+01
  0.76705553E+00  0.64482212E+01
  0.77817228E+00  0.64133058E+01
  0.78928902E+00  0.63791687E+01
  0.80040577E+00  0.63458443E+01
  0.81152252E+00  0.63133662E+01
  0.82263927E+00  0.62817671E+01
  0.83375601E+00  0.62510788E+01
  0.84487276E+00  0.62213325E+01
  0.85598951E+00  0.61925582E+01
  0.86710625E+00  0.61647849E+01
  0.87822300E+00  0.61380407E+01
  0.88933975E+00  0.61123528E+01
  0.90045649E+00  0.60877472E+01
  0.91157324E+00  0.60642488E+01
  0.92268999E+00  0.60418814E+01
  0.93380673E+00  0.60206678E+01
  0.94492348E+00  0.60006295E+01
  0.95604023E+00  0.59817869E+01
  0.96715697E+00  0.59641591E+01
  0.97827372E+00  0.59477640E+01
  0.98939047E+00  0.59326183E+01
  0.10005072E+01  0.59187375E+01
  0.10116240E+01  0.59061356E+01
  0.10227407E+01  0.58948256E+01
  0.10338575E+01  0.58848188E+01
  0.10449742E+01  0.58761256E+01
  0.10560909E+01  0.58687547E+01
  0.10672077E+01  0.58627137E+01
  0.10783244E+01  0.58580087E+01
  0.10894412E+01  0.58546446E+01
  0.11005579E+01  0.58526248E+01
  0.11116747E+01  0.58519513E+01
  0.11229043E+01  0.58512191E+01
  0.11341339E+01  0.58490259E+01
  0.11453635E+01  0.58453826E+01
  0.11565931E+01  0.58403067E+01
  0.11678227E+01  0.58338231E+01
  0.11790523E+01  0.58259636E+01
  0.11902820E+01  0.58167672E+01
  0.12015116E+01  0.58062797E+01
  0.12127412E+01  0.57945538E+01
  0.12239708E+01  0.57816491E+01
  0.12352004E+01  0.57676322E+01
  0.12464300E+01  0.57525759E+01
  0.12576596E+01  0.57365599E+01
  0.12688892E+01  0.57196701E+01
  0.12801188E+01  0.57019989E+01
  0.12913484E+01  0.56836443E+01
  0.13025781E+01  0.56647104E+01
  0.13138077E+01  0.56453066E+01
  0.13250373E+01  0.56255474E+01
  0.13362669E+01  0.56055521E+01
  0.13474965E+01  0.55854444E+01
  0.13587261E+01  0.55653516E+01
  0.13699557E+01  0.55454043E+01
  0.13811853E+01  0.55257354E+01
  0.13924149E+01  0.55064801E+01
  0.14036445E+01  0.54877743E+01
  0.14148742E+01  0.54697540E+01
  0.14261038E+01  0.54525547E+01
  0.14373334E+01  0.54363100E+01
  0.14485630E+01  0.54211509E+01
  0.14597926E+01  0.54072043E+01
  0.14710222E+01  0.53945923E+01
  0.14822518E+01  0.53834311E+01
  0.14934814E+01  0.53738298E+01
  0.15047110E+01  0.53658895E+01
  0.15047110E+01  0.53658895E+01
  0.15158347E+01  0.53597520E+01
  0.15269584E+01  0.53554147E+01
  0.15380820E+01  0.53529475E+01
  0.15492057E+01  0.53524097E+01
  0.15603294E+01  0.53538497E+01
  0.15714531E+01  0.53573045E+01
  0.15825767E+01  0.53628000E+01
  0.15937004E+01  0.53703509E+01
  0.16048241E+01  0.53799609E+01
  0.16159477E+01  0.53916233E+01
  0.16270714E+01  0.54053214E+01
  0.16381951E+01  0.54210294E+01
  0.16493188E+01  0.54387126E+01
  0.16604424E+01  0.54583290E+01
  0.16715661E+01  0.54798295E+01
  0.16826898E+01  0.55031588E+01
  0.16938134E+01  0.55282569E+01
  0.17049371E+01  0.55550591E+01
  0.17160608E+01  0.55834975E+01
  0.17271844E+01  0.56135013E+01
  0.17383081E+01  0.56449981E+01
  0.17494318E+01  0.56779137E+01
  0.17605555E+01  0.57121736E+01
  0.17716791E+01  0.57477030E+01
  0.17828028E+01  0.57844272E+01
  0.17939265E+01  0.58222725E+01
  0.18050501E+01  0.58611661E+01
  0.18161738E+01  0.59010365E+01
  0.18272975E+01  0.59418138E+01
  0.18384211E+01  0.59834299E+01
  0.18495448E+01  0.60258185E+01
  0.18606685E+01  0.60689155E+01
  0.18717922E+01  0.61126587E+01
  0.18829158E+01  0.61569880E+01
  0.18940395E+01  0.62018457E+01
  0.19051632E+01  0.62471761E+01
  0.19162868E+01  0.62929255E+01
  0.19274105E+01  0.63390425E+01
  0.19385342E+01  0.63854776E+01
  0.19496579E+01  0.64321834E+01
  0.19607815E+01  0.64791144E+01
  0.19719052E+01  0.65262267E+01
  0.19830289E+01  0.65734784E+01
  0.19941525E+01  0.66208293E+01
  0.20052762E+01  0.66682404E+01
  0.20163999E+01  0.67156745E+01
  0.20275235E+01  0.67630958E+01
  0.20386472E+01  0.68104694E+01
  0.20497709E+01  0.68577621E+01
  0.20608946E+01  0.69049414E+01
  0.20720182E+01  0.69519758E+01
  0.20831419E+01  0.69988350E+01
  0.20942656E+01  0.70454893E+01
  0.21053892E+01  0.70919097E+01
  0.21165129E+01  0.71380679E+01
  0.21276366E+01  0.71839362E+01
  0.21387602E+01  0.72294874E+01
  0.21498839E+01  0.72746945E+01
  0.21610076E+01  0.73195312E+01
  0.21721313E+01  0.73639713E+01
  0.21832549E+01  0.74079888E+01
  0.21943786E+01  0.74515580E+01
  0.22055023E+01  0.74946532E+01
  0.22166259E+01  0.75372488E+01
  0.22277496E+01  0.75793195E+01
  0.22388733E+01  0.76208397E+01
  0.22499970E+01  0.76617841E+01
  0.22611206E+01  0.77021272E+01
  0.22722443E+01  0.77418434E+01
  0.22833680E+01  0.77809074E+01
  0.22944916E+01  0.78192936E+01
  0.23056153E+01  0.78569764E+01
  0.23167390E+01  0.78939302E+01
  0.23278626E+01  0.79301295E+01
  0.23389863E+01  0.79655487E+01
  0.23501100E+01  0.80001622E+01
  0.23612337E+01  0.80339448E+01
  0.23723573E+01  0.80668709E+01
  0.23834810E+01  0.80989155E+01
  0.23946047E+01  0.81300535E+01
  0.24057283E+01  0.81602601E+01
  0.24168520E+01  0.81895109E+01
  0.24279757E+01  0.82177817E+01
  0.24390993E+01  0.82450488E+01
  0.24502230E+01  0.82712887E+01
  0.24613467E+01  0.82964787E+01
  0.24724704E+01  0.83205966E+01
  0.24835940E+01  0.83436205E+01
  0.24947177E+01  0.83655296E+01
  0.25058414E+01  0.83863035E+01
  0.25169650E+01  0.84059229E+01
  0.25280887E+01  0.84243691E+01
  0.25392124E+01  0.84416243E+01
  0.25503361E+01  0.84576718E+01
  0.25614597E+01  0.84724959E+01
  0.25725834E+01  0.84860818E+01
  0.25837071E+01  0.84984160E+01
  0.25948307E+01  0.85094861E+01
  0.26059544E+01  0.85192808E+01
  0.26170781E+01  0.85277900E+01
  0.26282017E+01  0.85350052E+01
  0.26393254E+01  0.85409187E+01
  0.26504491E+01  0.85455245E+01
  0.26615728E+01  0.85488178E+01
  0.26726964E+01  0.85507952E+01
  0.26838201E+01  0.85514545E+01
  0.26948861E+01  0.85510791E+01
  0.27059520E+01  0.85499534E+01
  0.27170180E+01  0.85480788E+01
  0.27280839E+01  0.85454579E+01
  0.27391499E+01  0.85420940E+01
  0.27502159E+01  0.85379914E+01
  0.27612818E+01  0.85331556E+01
  0.27723478E+01  0.85275929E+01
  0.27834137E+01  0.85213105E+01
  0.27944797E+01  0.85143166E+01
  0.28055457E+01  0.85066203E+01
  0.28166116E+01  0.84982317E+01
  0.28276776E+01  0.84891616E+01
  0.28387435E+01  0.84794220E+01
  0.28498095E+01  0.84690255E+01
  0.28608755E+01  0.84579857E+01
  0.28719414E+01  0.84463169E+01
  0.28830074E+01  0.84340344E+01
  0.28940733E+01  0.84211542E+01
  0.29051393E+01  0.84076931E+01
  0.29162053E+01  0.83936686E+01
  0.29272712E+01  0.83790991E+01
  0.29383372E+01  0.83640034E+01
  0.29494031E+01  0.83484014E+01
  0.29604691E+01  0.83323133E+01
  0.29715351E+01  0.83157601E+01
  0.29826010E+01  0.82987635E+01
  0.29936670E+01  0.82813455E+01
  0.30047329E+01  0.82635288E+01
  0.30157989E+01  0.82453368E+01
  0.30268649E+01  0.82267930E+01
  0.30379308E+01  0.82079218E+01
  0.30489968E+01  0.81887477E+01
  0.30600627E+01  0.81692957E+01
  0.30711287E+01  0.81495911E+01
  0.30821947E+01  0.81296597E+01
  0.30932606E+01  0.81095274E+01
  0.31043266E+01  0.80892205E+01
  0.31153925E+01  0.80687655E+01
  0.31264585E+01  0.80481890E+01
  0.31375245E+01  0.80275179E+01
  0.31485904E+01  0.80067791E+01
  0.31596564E+01  0.79859996E+01
  0.31707223E+01  0.79652066E+01
  0.31817883E+01  0.79444272E+01
  0.31928543E+01  0.79236883E+01
  0.32039202E+01  0.79030172E+01
  0.32149862E+01  0.78824407E+01
  0.32260521E+01  0.78619857E+01
  0.32371181E+01  0.78416788E+01
  0.32481841E+01  0.78215466E+01
  0.32592500E+01  0.78016151E+01
  0.32703160E+01  0.77819106E+01
  0.32813819E+01  0.77624586E+01
  0.32924479E+01  0.77432844E+01
  0.33035139E+01  0.77244132E+01
  0.33145798E+01  0.77058695E+01
  0.33256458E+01  0.76876774E+01
  0.33367117E+01  0.76698608E+01
  0.33477777E+01  0.76524428E+01
  0.33588437E+01  0.76354461E+01
  0.33699096E+01  0.76188929E+01
  0.33809756E+01  0.76028048E+01
  0.33920415E+01  0.75872028E+01
  0.34031075E+01  0.75721072E+01
  0.34141735E+01  0.75575376E+01
  0.34252394E+01  0.75435131E+01
  0.34363054E+01  0.75300520E+01
  0.34473713E+01  0.75171718E+01
  0.34584373E+01  0.75048893E+01
  0.34695033E+01  0.74932206E+01
  0.34805692E+01  0.74821807E+01
  0.34916352E+01  0.74717842E+01
  0.35027011E+01  0.74620446E+01
  0.35137671E+01  0.74529746E+01
  0.35248331E+01  0.74445859E+01
  0.35358990E+01  0.74368896E+01
  0.35469650E+01  0.74298957E+01
  0.35580309E+01  0.74236133E+01
  0.35690969E+01  0.74180506E+01
  0.35801629E+01  0.74132148E+01
  0.35912288E+01  0.74091123E+01
  0.36022948E+01  0.74057484E+01
  0.36133607E+01  0.74031274E+01
  0.36244267E+01  0.74012528E+01
  0.36354927E+01  0.74001271E+01
  0.36465586E+01  0.73997517E+01
  0.36576301E+01  0.73985063E+01
  0.36687015E+01  0.73947728E+01
  0.36797730E+01  0.73885591E+01
  0.36908444E+01  0.73798785E+01
  0.37019158E+01  0.73687498E+01
  0.37129873E+01  0.73551968E+01
  0.37240587E+01  0.73392488E+01
  0.37351302E+01  0.73209404E+01
  0.37462016E+01  0.73003115E+01
  0.37572731E+01  0.72774070E+01
  0.37683445E+01  0.72522775E+01
  0.37794160E+01  0.72249784E+01
  0.37904874E+01  0.71955706E+01
  0.38015589E+01  0.71641201E+01
  0.38126303E+01  0.71306980E+01
  0.38237018E+01  0.70953807E+01
  0.38347732E+01  0.70582496E+01
  0.38458447E+01  0.70193911E+01
  0.38569161E+01  0.69788969E+01
  0.38679875E+01  0.69368635E+01
  0.38790590E+01  0.68933923E+01
  0.38901304E+01  0.68485898E+01
  0.39012019E+01  0.68025673E+01
  0.39122733E+01  0.67554407E+01
  0.39233448E+01  0.67073307E+01
  0.39344162E+01  0.66583625E+01
  0.39454877E+01  0.66086659E+01
  0.39565591E+01  0.65583748E+01
  0.39676306E+01  0.65076273E+01
  0.39787020E+01  0.64565654E+01
  0.39897735E+01  0.64053346E+01
  0.40008449E+01  0.63540838E+01
  0.40119163E+01  0.63029650E+01
  0.40229878E+01  0.62521326E+01
  0.40340592E+01  0.62017428E+01
  0.40451307E+01  0.61519538E+01
  0.40562021E+01  0.61029239E+01
  0.40672736E+01  0.60548119E+01
  0.40783450E+01  0.60077756E+01
  0.40894165E+01  0.59619707E+01
  0.41004879E+01  0.59175503E+01
  0.41115594E+01  0.58746633E+01
  0.41226308E+01  0.58334531E+01
  0.41337023E+01  0.57940566E+01
  0.41447737E+01  0.57566023E+01
  0.41558452E+01  0.57212095E+01
  0.41669166E+01  0.56879862E+01
  0.41779880E+01  0.56570279E+01
  0.41890595E+01  0.56284164E+01
  0.42001309E+01  0.56022184E+01
  0.42112024E+01  0.55784840E+01
  0.42222738E+01  0.55572461E+01
  0.42333453E+01  0.55385188E+01
  0.42444167E+01  0.55222974E+01
  0.42554882E+01  0.55085566E+01
  0.42665596E+01  0.54972505E+01
  0.42776311E+01  0.54883113E+01
  0.42887025E+01  0.54816485E+01
  0.42997740E+01  0.54771472E+01
  0.43108454E+01  0.54746663E+01
  0.43219169E+01  0.54740361E+01
  0.43329883E+01  0.54750547E+01
  0.43440597E+01  0.54774839E+01
  0.43551312E+01  0.54810444E+01
  0.43662026E+01  0.54854117E+01
  0.43772741E+01  0.54902140E+01
  0.43883455E+01  0.54950369E+01
  0.43994170E+01  0.54994386E+01
  0.44104884E+01  0.55029819E+01
  0.44215599E+01  0.55052857E+01
  0.44326313E+01  0.55060853E+01
  0.44437481E+01  0.55064617E+01
  0.44548648E+01  0.55075889E+01
  0.44659816E+01  0.55094609E+01
  0.44770983E+01  0.55120679E+01
  0.44882151E+01  0.55153962E+01
  0.44993318E+01  0.55194285E+01
  0.45104485E+01  0.55241440E+01
  0.45215653E+01  0.55295184E+01
  0.45326820E+01  0.55355245E+01
  0.45437988E+01  0.55421320E+01
  0.45549155E+01  0.55493081E+01
  0.45660323E+01  0.55570176E+01
  0.45771490E+01  0.55652232E+01
  0.45882658E+01  0.55738857E+01
  0.45993825E+01  0.55829645E+01
  0.46104993E+01  0.55924175E+01
  0.46216160E+01  0.56022019E+01
  0.46327328E+01  0.56122737E+01
  0.46438495E+01  0.56225887E+01
  0.46549663E+01  0.56331025E+01
  0.46660830E+01  0.56437704E+01
  0.46771997E+01  0.56545478E+01
  0.46883165E+01  0.56653908E+01
  0.46994332E+01  0.56762558E+01
  0.47105500E+01  0.56870997E+01
  0.47216667E+01  0.56978806E+01
  0.47327835E+01  0.57085573E+01
  0.47439002E+01  0.57190898E+01
  0.47550170E+01  0.57294393E+01
  0.47661337E+01  0.57395681E+01
  0.47772505E+01  0.57494401E+01
  0.47883672E+01  0.57590207E+01
  0.47994840E+01  0.57682765E+01
  0.48106007E+01  0.57771760E+01
  0.48217175E+01  0.57856891E+01
  0.48328342E+01  0.57937875E+01
  0.48439510E+01  0.58014445E+01
  0.48550677E+01  0.58086352E+01
  0.48661844E+01  0.58153366E+01
  0.48773012E+01  0.58215272E+01
  0.48884179E+01  0.58271875E+01
  0.48995347E+01  0.58322997E+01
  0.49106514E+01  0.58368480E+01
  0.49217682E+01  0.58408184E+01
  0.49328849E+01  0.58441986E+01
  0.49440017E+01  0.58469783E+01
  0.49551184E+01  0.58491490E+01
  0.49662352E+01  0.58507043E+01
  0.49773519E+01  0.58516393E+01
  0.49884687E+01  0.58519513E+01
  
  0.00000000E+00  0.85514545E+01
  0.11116747E-01  0.85507960E+01
  0.22233494E-01  0.85488210E+01
  0.33350240E-01  0.85455315E+01
  0.44466987E-01  0.85409305E+01
  0.55583734E-01  0.85350225E+01
  0.66700481E-01  0.85278132E+01
  0.77817228E-01  0.85193092E+01
  0.88933975E-01  0.85095189E+01
  0.10005072E+00  0.84984515E+01
  0.11116747E+00  0.84861176E+01
  0.12228422E+00  0.84725290E+01
  0.13340096E+00  0.84576986E+01
  0.14451771E+00  0.84416407E+01
  0.15563446E+00  0.84243704E+01
  0.16675120E+00  0.84059045E+01
  0.17786795E+00  0.83862605E+01
  0.18898470E+00  0.83654573E+01
  0.20010144E+00  0.83435147E+01
  0.21121819E+00  0.83204539E+01
  0.22233494E+00  0.82962968E+01
  0.23345168E+00  0.82710667E+01
  0.24456843E+00  0.82447878E+01
  0.25568518E+00  0.82174854E+01
  0.26680192E+00  0.81891857E+01
  0.27791867E+00  0.81599159E+01
  0.28903542E+00  0.81297042E+01
  0.30015216E+00  0.80985797E+01
  0.31126891E+00  0.80665724E+01
  0.32238566E+00  0.80337133E+01
  0.33350240E+00  0.80000340E+01
  0.34461915E+00  0.79655671E+01
  0.35573590E+00  0.79303460E+01
  0.36685265E+00  0.78944048E+01
  0.37796939E+00  0.78577783E+01
  0.38908614E+00  0.78205021E+01
  0.40020289E+00  0.77826123E+01
  0.41131963E+00  0.77441458E+01
  0.42243638E+00  0.77051401E+01
  0.43355313E+00  0.76656331E+01
  0.44466987E+00  0.76256633E+01
  0.45578662E+00  0.75852698E+01
  0.46690337E+00  0.75444920E+01
  0.47802011E+00  0.75033699E+01
  0.48913686E+00  0.74619436E+01
  0.50025361E+00  0.74202538E+01
  0.51137035E+00  0.73783413E+01
  0.52248710E+00  0.73362474E+01
  0.53360385E+00  0.72940135E+01
  0.54472059E+00  0.72516810E+01
  0.55583734E+00  0.72092918E+01
  0.56695409E+00  0.71668876E+01
  0.57807084E+00  0.71245103E+01
  0.58918758E+00  0.70822018E+01
  0.60030433E+00  0.70400039E+01
  0.61142108E+00  0.69979584E+01
  0.62253782E+00  0.69561071E+01
  0.63365457E+00  0.69144915E+01
  0.64477132E+00  0.68731529E+01
  0.65588806E+00  0.68321324E+01
  0.66700481E+00  0.67914709E+01
  0.67812156E+00  0.67512090E+01
  0.68923830E+00  0.67113867E+01
  0.70035505E+00  0.66720438E+01
  0.71147180E+00  0.66332197E+01
  0.72258854E+00  0.65949533E+01
  0.73370529E+00  0.65572827E+01
  0.74482204E+00  0.65202459E+01
  0.75593878E+00  0.64838799E+01
  0.76705553E+00  0.64482212E+01
  0.77817228E+00  0.64133058E+01
  0.78928902E+00  0.63791687E+01
  0.80040577E+00  0.63458443E+01
  0.81152252E+00  0.63133662E+01
  0.82263927E+00  0.62817671E+01
  0.83375601E+00  0.62510788E+01
  0.84487276E+00  0.62213325E+01
  0.85598951E+00  0.61925582E+01
  0.86710625E+00  0.61647849E+01
  0.87822300E+00  0.61380407E+01
  0.88933975E+00  0.61123528E+01
  0.90045649E+00  0.60877472E+01
  0.91157324E+00  0.60642488E+01
  0.92268999E+00  0.60418814E+01
  0.93380673E+00  0.60206678E+01
  0.94492348E+00  0.60006295E+01
  0.95604023E+00  0.59817869E+01
  0.96715697E+00  0.59641591E+01
  0.97827372E+00  0.59477640E+01
  0.98939047E+00  0.59326183E+01
  0.10005072E+01  0.59187375E+01
  0.10116240E+01  0.59061356E+01
  0.10227407E+01  0.58948256E+01
  0.10338575E+01  0.58848188E+01
  0.10449742E+01  0.58761256E+01
  0.10560909E+01  0.58687547E+01
  0.10672077E+01  0.58627137E+01
  0.10783244E+01  0.58580087E+01
  0.10894412E+01  0.58546446E+01
  0.11005579E+01  0.58526248E+01
  0.11116747E+01  0.58519513E+01
  0.11229043E+01  0.58523870E+01
  0.11341339E+01  0.58536938E+01
  0.11453635E+01  0.58558705E+01
  0.11565931E+01  0.58589154E+01
  0.11678227E+01  0.58628259E+01
  0.11790523E+01  0.58675987E+01
  0.11902820E+01  0.58732299E+01
  0.12015116E+01  0.58797147E+01
  0.12127412E+01  0.58870478E+01
  0.12239708E+01  0.58952231E+01
  0.12352004E+01  0.59042338E+01
  0.12464300E+01  0.59140724E+01
  0.12576596E+01  0.59247308E+01
  0.12688892E+01  0.59362001E+01
  0.12801188E+01  0.59484710E+01
  0.12913484E+01  0.59615334E+01
  0.13025781E+01  0.59753764E+01
  0.13138077E+01  0.59899889E+01
  0.13250373E+01  0.60053589E+01
  0.13362669E+01  0.60214738E+01
  0.13474965E+01  0.60383206E+01
  0.13587261E+01  0.60558857E+01
  0.13699557E+01  0.60741550E+01
  0.13811853E+01  0.60931137E+01
  0.13924149E+01  0.61127468E+01
  0.14036445E+01  0.61330385E+01
  0.14148742E+01  0.61539728E+01
  0.14261038E+01  0.61755332E+01
  0.14373334E+01  0.61977027E+01
  0.14485630E+01  0.62204639E+01
  0.14597926E+01  0.62437992E+01
  0.14710222E+01  0.62676904E+01
  0.14822518E+01  0.62921192E+01
  0.14934814E+01  0.63170669E+01
  0.15047110E+01  0.63425143E+01
  0.15047110E+01  0.63425143E+01
  0.15158347E+01  0.63681956E+01
  0.15269584E+01  0.63943295E+01
  0.15380820E+01  0.64208968E+01
  0.15492057E+01  0.64478782E+01
  0.15603294E+01  0.64752540E+01
  0.15714531E+01  0.65030048E+01
  0.15825767E+01  0.65311106E+01
  0.15937004E+01  0.65595516E+01
  0.16048241E+01  0.65883077E+01
  0.16159477E+01  0.66173590E+01
  0.16270714E+01  0.66466853E+01
  0.16381951E+01  0.66762667E+01
  0.16493188E+01  0.67060829E+01
  0.16604424E+01  0.67361139E+01
  0.16715661E+01  0.67663398E+01
  0.16826898E+01  0.67967405E+01
  0.16938134E+01  0.68272962E+01
  0.17049371E+01  0.68579872E+01
  0.17160608E+01  0.68887937E+01
  0.17271844E+01  0.69196964E+01
  0.17383081E+01  0.69506759E+01
  0.17494318E+01  0.69817130E+01
  0.17605555E+01  0.70127889E+01
  0.17716791E+01  0.70438846E+01
  0.17828028E+01  0.70749818E+01
  0.17939265E+01  0.71060622E+01
  0.18050501E+01  0.71371077E+01
  0.18161738E+01  0.71681006E+01
  0.18272975E+01  0.71990235E+01
  0.18384211E+01  0.72298592E+01
  0.18495448E+01  0.72605908E+01
  0.18606685E+01  0.72912019E+01
  0.18717922E+01  0.73216762E+01
  0.18829158E+01  0.73519979E+01
  0.18940395E+01  0.73821516E+01
  0.19051632E+01  0.74121220E+01
  0.19162868E+01  0.74418945E+01
  0.19274105E+01  0.74714546E+01
  0.19385342E+01  0.75007883E+01
  0.19496579E+01  0.75298820E+01
  0.19607815E+01  0.75587226E+01
  0.19719052E+01  0.75872971E+01
  0.19830289E+01  0.76155932E+01
  0.19941525E+01  0.76435988E+01
  0.20052762E+01  0.76713024E+01
  0.20163999E+01  0.76986927E+01
  0.20275235E+01  0.77257590E+01
  0.20386472E+01  0.77524908E+01
  0.20497709E+01  0.77788782E+01
  0.20608946E+01  0.78049116E+01
  0.20720182E+01  0.78305818E+01
  0.20831419E+01  0.78558802E+01
  0.20942656E+01  0.78807982E+01
  0.21053892E+01  0.79053280E+01
  0.21165129E+01  0.79294619E+01
  0.21276366E+01  0.79531928E+01
  0.21387602E+01  0.79765137E+01
  0.21498839E+01  0.79994184E+01
  0.21610076E+01  0.80219006E+01
  0.21721313E+01  0.80439547E+01
  0.21832549E+01  0.80655753E+01
  0.21943786E+01  0.80867573E+01
  0.22055023E+01  0.81074960E+01
  0.22166259E+01  0.81277871E+01
  0.22277496E+01  0.81476264E+01
  0.22388733E+01  0.81670103E+01
  0.22499970E+01  0.81859352E+01
  0.22611206E+01  0.82043980E+01
  0.22722443E+01  0.82223957E+01
  0.22833680E+01  0.82399257E+01
  0.22944916E+01  0.82569857E+01
  0.23056153E+01  0.82735733E+01
  0.23167390E+01  0.82896869E+01
  0.23278626E+01  0.83053245E+01
  0.23389863E+01  0.83204848E+01
  0.23501100E+01  0.83351663E+01
  0.23612337E+01  0.83493681E+01
  0.23723573E+01  0.83630890E+01
  0.23834810E+01  0.83763285E+01
  0.23946047E+01  0.83890857E+01
  0.24057283E+01  0.84013602E+01
  0.24168520E+01  0.84131516E+01
  0.24279757E+01  0.84244596E+01
  0.24390993E+01  0.84352841E+01
  0.24502230E+01  0.84456251E+01
  0.24613467E+01  0.84554824E+01
  0.24724704E+01  0.84648563E+01
  0.24835940E+01  0.84737469E+01
  0.24947177E+01  0.84821543E+01
  0.25058414E+01  0.84900788E+01
  0.25169650E+01  0.84975207E+01
  0.25280887E+01  0.85044804E+01
  0.25392124E+01  0.85109581E+01
  0.25503361E+01  0.85169541E+01
  0.25614597E+01  0.85224690E+01
  0.25725834E+01  0.85275029E+01
  0.25837071E+01  0.85320562E+01
  0.25948307E+01  0.85361292E+01
  0.26059544E+01  0.85397223E+01
  0.26170781E+01  0.85428357E+01
  0.26282017E+01  0.85454697E+01
  0.26393254E+01  0.85476245E+01
  0.26504491E+01  0.85493002E+01
  0.26615728E+01  0.85504971E+01
  0.26726964E+01  0.85512152E+01
  0.26838201E+01  0.85514545E+01
  0.26948861E+01  0.85510791E+01
  0.27059520E+01  0.85499534E+01
  0.27170180E+01  0.85480788E+01
  0.27280839E+01  0.85454579E+01
  0.27391499E+01  0.85420940E+01
  0.27502159E+01  0.85379914E+01
  0.27612818E+01  0.85331556E+01
  0.27723478E+01  0.85275929E+01
  0.27834137E+01  0.85213105E+01
  0.27944797E+01  0.85143166E+01
  0.28055457E+01  0.85066203E+01
  0.28166116E+01  0.84982317E+01
  0.28276776E+01  0.84891616E+01
  0.28387435E+01  0.84794220E+01
  0.28498095E+01  0.84690255E+01
  0.28608755E+01  0.84579857E+01
  0.28719414E+01  0.84463169E+01
  0.28830074E+01  0.84340344E+01
  0.28940733E+01  0.84211542E+01
  0.29051393E+01  0.84076931E+01
  0.29162053E+01  0.83936686E+01
  0.29272712E+01  0.83790991E+01
  0.29383372E+01  0.83640034E+01
  0.29494031E+01  0.83484014E+01
  0.29604691E+01  0.83323133E+01
  0.29715351E+01  0.83157601E+01
  0.29826010E+01  0.82987635E+01
  0.29936670E+01  0.82813455E+01
  0.30047329E+01  0.82635288E+01
  0.30157989E+01  0.82453368E+01
  0.30268649E+01  0.82267930E+01
  0.30379308E+01  0.82079218E+01
  0.30489968E+01  0.81887477E+01
  0.30600627E+01  0.81692957E+01
  0.30711287E+01  0.81495911E+01
  0.30821947E+01  0.81296597E+01
  0.30932606E+01  0.81095274E+01
  0.31043266E+01  0.80892205E+01
  0.31153925E+01  0.80687655E+01
  0.31264585E+01  0.80481890E+01
  0.31375245E+01  0.80275179E+01
  0.31485904E+01  0.80067791E+01
  0.31596564E+01  0.79859996E+01
  0.31707223E+01  0.79652066E+01
  0.31817883E+01  0.79444272E+01
  0.31928543E+01  0.79236883E+01
  0.32039202E+01  0.79030172E+01
  0.32149862E+01  0.78824407E+01
  0.32260521E+01  0.78619857E+01
  0.32371181E+01  0.78416788E+01
  0.32481841E+01  0.78215466E+01
  0.32592500E+01  0.78016151E+01
  0.32703160E+01  0.77819106E+01
  0.32813819E+01  0.77624586E+01
  0.32924479E+01  0.77432844E+01
  0.33035139E+01  0.77244132E+01
  0.33145798E+01  0.77058695E+01
  0.33256458E+01  0.76876774E+01
  0.33367117E+01  0.76698608E+01
  0.33477777E+01  0.76524428E+01
  0.33588437E+01  0.76354461E+01
  0.33699096E+01  0.76188929E+01
  0.33809756E+01  0.76028048E+01
  0.33920415E+01  0.75872028E+01
  0.34031075E+01  0.75721072E+01
  0.34141735E+01  0.75575376E+01
  0.34252394E+01  0.75435131E+01
  0.34363054E+01  0.75300520E+01
  0.34473713E+01  0.75171718E+01
  0.34584373E+01  0.75048893E+01
  0.34695033E+01  0.74932206E+01
  0.34805692E+01  0.74821807E+01
  0.34916352E+01  0.74717842E+01
  0.35027011E+01  0.74620446E+01
  0.35137671E+01  0.74529746E+01
  0.35248331E+01  0.74445859E+01
  0.35358990E+01  0.74368896E+01
  0.35469650E+01  0.74298957E+01
  0.35580309E+01  0.74236133E+01
  0.35690969E+01  0.74180506E+01
  0.35801629E+01  0.74132148E+01
  0.35912288E+01  0.74091123E+01
  0.36022948E+01  0.74057484E+01
  0.36133607E+01  0.74031274E+01
  0.36244267E+01  0.74012528E+01
  0.36354927E+01  0.74001271E+01
  0.36465586E+01  0.73997517E+01
  0.36576301E+01  0.73992753E+01
  0.36687015E+01  0.73978464E+01
  0.36797730E+01  0.73954660E+01
  0.36908444E+01  0.73921360E+01
  0.37019158E+01  0.73878589E+01
  0.37129873E+01  0.73826380E+01
  0.37240587E+01  0.73764773E+01
  0.37351302E+01  0.73693813E+01
  0.37462016E+01  0.73613554E+01
  0.37572731E+01  0.73524057E+01
  0.37683445E+01  0.73425389E+01
  0.37794160E+01  0.73317623E+01
  0.37904874E+01  0.73200841E+01
  0.38015589E+01  0.73075130E+01
  0.38126303E+01  0.72940583E+01
  0.38237018E+01  0.72797299E+01
  0.38347732E+01  0.72645385E+01
  0.38458447E+01  0.72484953E+01
  0.38569161E+01  0.72316122E+01
  0.38679875E+01  0.72139016E+01
  0.38790590E+01  0.71953765E+01
  0.38901304E+01  0.71760506E+01
  0.39012019E+01  0.71559381E+01
  0.39122733E+01  0.71350540E+01
  0.39233448E+01  0.71134137E+01
  0.39344162E+01  0.70910332E+01
  0.39454877E+01  0.70679294E+01
  0.39565591E+01  0.70441196E+01
  0.39676306E+01  0.70196219E+01
  0.39787020E+01  0.69944550E+01
  0.39897735E+01  0.69686385E+01
  0.40008449E+01  0.69421925E+01
  0.40119163E+01  0.69151382E+01
  0.40229878E+01  0.68874974E+01
  0.40340592E+01  0.68592929E+01
  0.40451307E+01  0.68305485E+01
  0.40562021E+01  0.68012891E+01
  0.40672736E+01  0.67715404E+01
  0.40783450E+01  0.67413297E+01
  0.40894165E+01  0.67106854E+01
  0.41004879E+01  0.66796372E+01
  0.41115594E+01  0.66482165E+01
  0.41226308E+01  0.66164565E+01
  0.41337023E+01  0.65843919E+01
  0.41447737E+01  0.65520597E+01
  0.41558452E+01  0.65194991E+01
  0.41669166E+01  0.64867518E+01
  0.41779880E+01  0.64538622E+01
  0.41890595E+01  0.64208779E+01
  0.42001309E+01  0.63878500E+01
  0.42112024E+01  0.63548336E+01
  0.42222738E+01  0.63218883E+01
  0.42333453E+01  0.62890792E+01
  0.42444167E+01  0.62564771E+01
  0.42554882E+01  0.62241604E+01
  0.42665596E+01  0.61922154E+01
  0.42776311E+01  0.61607390E+01
  0.42887025E+01  0.61298397E+01
  0.42997740E+01  0.60996410E+01
  0.43108454E+01  0.60702838E+01
  0.43219169E+01  0.60419313E+01
  0.43329883E+01  0.60147730E+01
  0.43440597E+01  0.59890308E+01
  0.43551312E+01  0.59649649E+01
  0.43662026E+01  0.59428797E+01
  0.43772741E+01  0.59231266E+01
  0.43883455E+01  0.59061010E+01
  0.43994170E+01  0.58922277E+01
  0.44104884E+01  0.58819294E+01
  0.44215599E+01  0.58755771E+01
  0.44326313E+01  0.58734287E+01
  0.44437481E+01  0.58734075E+01
  0.44548648E+01  0.58733441E+01
  0.44659816E+01  0.58732387E+01
  0.44770983E+01  0.58730917E+01
  0.44882151E+01  0.58729037E+01
  0.44993318E+01  0.58726755E+01
  0.45104485E+01  0.58724078E+01
  0.45215653E+01  0.58721019E+01
  0.45326820E+01  0.58717588E+01
  0.45437988E+01  0.58713800E+01
  0.45549155E+01  0.58709669E+01
  0.45660323E+01  0.58705211E+01
  0.45771490E+01  0.58700445E+01
  0.45882658E+01  0.58695389E+01
  0.45993825E+01  0.58690062E+01
  0.46104993E+01  0.58684486E+01
  0.46216160E+01  0.58678683E+01
  0.46327328E+01  0.58672675E+01
  0.46438495E+01  0.58666487E+01
  0.46549663E+01  0.58660142E+01
  0.46660830E+01  0.58653665E+01
  0.46771997E+01  0.58647083E+01
  0.46883165E+01  0.58640422E+01
  0.46994332E+01  0.58633706E+01
  0.47105500E+01  0.58626963E+01
  0.47216667E+01  0.58620220E+01
  0.47327835E+01  0.58613503E+01
  0.47439002E+01  0.58606839E+01
  0.47550170E+01  0.58600253E+01
  0.47661337E+01  0.58593773E+01
  0.47772505E+01  0.58587423E+01
  0.47883672E+01  0.58581229E+01
  0.47994840E+01  0.58575215E+01
  0.48106007E+01  0.58569404E+01
  0.48217175E+01  0.58563821E+01
  0.48328342E+01  0.58558487E+01
  0.48439510E+01  0.58553422E+01
  0.48550677E+01  0.58548648E+01
  0.48661844E+01  0.58544183E+01
  0.48773012E+01  0.58540044E+01
  0.48884179E+01  0.58536248E+01
  0.48995347E+01  0.58532811E+01
  0.49106514E+01  0.58529745E+01
  0.49217682E+01  0.58527063E+01
  0.49328849E+01  0.58524775E+01
  0.49440017E+01  0.58522891E+01
  0.49551184E+01  0.58521417E+01
  0.49662352E+01  0.58520361E+01
  0.49773519E+01  0.58519725E+01
  0.49884687E+01  0.58519513E+01
  
