  0.00000000E+00  0.86003942E+01
  0.28922784E-01  0.85963591E+01
  0.57845569E-01  0.85842715E+01
  0.86768353E-01  0.85641853E+01
  0.11569114E+00  0.85361913E+01
  0.14461392E+00  0.85004190E+01
  0.17353671E+00  0.84570392E+01
  0.20245949E+00  0.84062664E+01
  0.23138228E+00  0.83483621E+01
  0.26030506E+00  0.82836378E+01
  0.28922784E+00  0.82124585E+01
  0.31815063E+00  0.81352455E+01
  0.34707341E+00  0.80524792E+01
  0.37599620E+00  0.79647007E+01
  0.40491898E+00  0.78725136E+01
  0.43384177E+00  0.77765835E+01
  0.46276455E+00  0.76776377E+01
  0.49168734E+00  0.75764628E+01
  0.52061012E+00  0.74739011E+01
  0.54953290E+00  0.73708457E+01
  0.57845569E+00  0.72682342E+01
  0.60737847E+00  0.71670409E+01
  0.63630126E+00  0.70682671E+01
  0.66522404E+00  0.69729311E+01
  0.69414683E+00  0.68820561E+01
  0.72306961E+00  0.67966576E+01
  0.75199240E+00  0.67177298E+01
  0.78091518E+00  0.66462316E+01
  0.80983796E+00  0.65830721E+01
  0.83876075E+00  0.65290963E+01
  0.86768353E+00  0.64850710E+01
  0.89660632E+00  0.64516711E+01
  0.92552910E+00  0.64294672E+01
  0.95445189E+00  0.64189144E+01
  0.98337467E+00  0.64203420E+01
  0.10122975E+01  0.64339454E+01
  0.10412202E+01  0.64597803E+01
  0.10701430E+01  0.64977583E+01
  0.10990658E+01  0.65476457E+01
  0.11279886E+01  0.66090638E+01
  0.11569114E+01  0.66814925E+01
  0.11861278E+01  0.66809547E+01
  0.12153442E+01  0.66794310E+01
  0.12445607E+01  0.66771839E+01
  0.12737771E+01  0.66746320E+01
  0.13029935E+01  0.66723234E+01
  0.13322099E+01  0.66709033E+01
  0.13614263E+01  0.66710768E+01
  0.13906428E+01  0.66735728E+01
  0.14198592E+01  0.66791086E+01
  0.14490756E+01  0.66883597E+01
  0.14782920E+01  0.67019338E+01
  0.15075085E+01  0.67203515E+01
  0.15367249E+01  0.67440325E+01
  0.15659413E+01  0.67732867E+01
  0.15659413E+01  0.67732867E+01
  0.15951577E+01  0.68083111E+01
  0.16243742E+01  0.68491901E+01
  0.16535906E+01  0.68958994E+01
  0.16828070E+01  0.69483124E+01
  0.17120234E+01  0.70062087E+01
  0.17412399E+01  0.70692839E+01
  0.17704563E+01  0.71371607E+01
  0.17996727E+01  0.72093996E+01
  0.18288891E+01  0.72855109E+01
  0.18581056E+01  0.73649656E+01
  0.18873220E+01  0.74472068E+01
  0.19165384E+01  0.75316597E+01
  0.19457548E+01  0.76177418E+01
  0.19749713E+01  0.77048716E+01
  0.20041877E+01  0.77924772E+01
  0.20334041E+01  0.78800027E+01
  0.20626205E+01  0.79669154E+01
  0.20918370E+01  0.80527098E+01
  0.21210534E+01  0.81369127E+01
  0.21502698E+01  0.82190854E+01
  0.21794862E+01  0.82988255E+01
  0.22087027E+01  0.83757679E+01
  0.22379191E+01  0.84495832E+01
  0.22671355E+01  0.85199759E+01
  0.22963519E+01  0.85866794E+01
  0.23255683E+01  0.86494493E+01
  0.23547848E+01  0.87080519E+01
  0.23840012E+01  0.87622476E+01
  0.24132176E+01  0.88117619E+01
  0.24424340E+01  0.88562377E+01
  0.24716505E+01  0.88951462E+01
  0.25008669E+01  0.89276152E+01
  0.25300833E+01  0.88775289E+01
  0.25592997E+01  0.88183005E+01
  0.25885162E+01  0.87664883E+01
  0.26177326E+01  0.87219392E+01
  0.26469490E+01  0.86845103E+01
  0.26761654E+01  0.86540739E+01
  0.27053819E+01  0.86305205E+01
  0.27345983E+01  0.86137617E+01
  0.27638147E+01  0.86037328E+01
  0.27930311E+01  0.86003942E+01
  0.28216573E+01  0.86068423E+01
  0.28502834E+01  0.86261347E+01
  0.28789095E+01  0.86581161E+01
  0.29075357E+01  0.87025289E+01
  0.29361618E+01  0.87590156E+01
  0.29647879E+01  0.87970716E+01
  0.29934141E+01  0.88072287E+01
  0.30220402E+01  0.87974064E+01
  0.30506663E+01  0.87717920E+01
  0.30792925E+01  0.87344952E+01
  0.31079186E+01  0.86885187E+01
  0.31365447E+01  0.86359428E+01
  0.31651709E+01  0.85782631E+01
  0.31937970E+01  0.85166297E+01
  0.32224231E+01  0.84519903E+01
  0.32510493E+01  0.83851717E+01
  0.32796754E+01  0.83169256E+01
  0.33083015E+01  0.82479548E+01
  0.33369277E+01  0.81789268E+01
  0.33655538E+01  0.81104814E+01
  0.33941799E+01  0.80432337E+01
  0.34228061E+01  0.79777745E+01
  0.34514322E+01  0.79146696E+01
  0.34800583E+01  0.78544580E+01
  0.35086845E+01  0.77976488E+01
  0.35373106E+01  0.77447194E+01
  0.35659367E+01  0.76961118E+01
  0.35945629E+01  0.76522305E+01
  0.36231890E+01  0.76134391E+01
  0.36518151E+01  0.75800585E+01
  0.36804413E+01  0.75523642E+01
  0.37090674E+01  0.75305842E+01
  0.37376935E+01  0.75148980E+01
  0.37663196E+01  0.75054343E+01
  0.37949458E+01  0.75022711E+01
  0.38241622E+01  0.75013459E+01
  0.38533786E+01  0.74985290E+01
  0.38825951E+01  0.74937042E+01
  0.39118115E+01  0.74867003E+01
  0.39410279E+01  0.74773217E+01
  0.39702443E+01  0.74653854E+01
  0.39994608E+01  0.74507591E+01
  0.40286772E+01  0.74333975E+01
  0.40578936E+01  0.74133695E+01
  0.40871100E+01  0.73908778E+01
  0.41163264E+01  0.73662671E+01
  0.41455429E+01  0.73400222E+01
  0.41747593E+01  0.73127583E+01
  0.42039757E+01  0.72852047E+01
  0.42331921E+01  0.72581852E+01
  0.42624086E+01  0.72325954E+01
  0.42916250E+01  0.72093813E+01
  0.43208414E+01  0.71895173E+01
  0.43500578E+01  0.71739864E+01
  0.43792743E+01  0.71637623E+01
  0.44084907E+01  0.71597928E+01
  0.44377071E+01  0.71629859E+01
  0.44669235E+01  0.71741970E+01
  0.44961400E+01  0.71942183E+01
  0.45253564E+01  0.72237697E+01
  0.45545728E+01  0.72634903E+01
  0.45837892E+01  0.73139318E+01
  0.46130057E+01  0.73749731E+01
  0.46419284E+01  0.73705817E+01
  0.46708512E+01  0.73575255E+01
  0.46997740E+01  0.73361544E+01
  0.47286968E+01  0.73070383E+01
  0.47576196E+01  0.72709479E+01
  0.47865424E+01  0.72288305E+01
  0.48154652E+01  0.71817795E+01
  0.48443879E+01  0.71310023E+01
  0.48733107E+01  0.70777856E+01
  0.49022335E+01  0.70234605E+01
  0.49311563E+01  0.69693685E+01
  0.49600791E+01  0.69168280E+01
  0.49890019E+01  0.68671046E+01
  0.50179246E+01  0.68213824E+01
  0.50468474E+01  0.67807390E+01
  0.50757702E+01  0.67461240E+01
  0.51046930E+01  0.67183397E+01
  0.51336158E+01  0.66980264E+01
  0.51625386E+01  0.66856496E+01
  0.51914614E+01  0.66814925E+01
  
  0.00000000E+00  0.86003942E+01
  0.28922784E-01  0.86136040E+01
  0.57845569E-01  0.86531201E+01
  0.86768353E-01  0.87186044E+01
  0.11569114E+00  0.88094980E+01
  0.14461392E+00  0.89250287E+01
  0.17353671E+00  0.90642210E+01
  0.20245949E+00  0.92259087E+01
  0.23138228E+00  0.92626103E+01
  0.26030506E+00  0.92610818E+01
  0.28922784E+00  0.92565787E+01
  0.31815063E+00  0.92483379E+01
  0.34707341E+00  0.92355981E+01
  0.37599620E+00  0.92176187E+01
  0.40491898E+00  0.91936993E+01
  0.43384177E+00  0.91631990E+01
  0.46276455E+00  0.91255536E+01
  0.49168734E+00  0.90802923E+01
  0.52061012E+00  0.90270521E+01
  0.54953290E+00  0.89655901E+01
  0.57845569E+00  0.88957939E+01
  0.60737847E+00  0.88176887E+01
  0.63630126E+00  0.87314420E+01
  0.66522404E+00  0.86373655E+01
  0.69414683E+00  0.85359141E+01
  0.72306961E+00  0.84276814E+01
  0.75199240E+00  0.83133936E+01
  0.78091518E+00  0.81938992E+01
  0.80983796E+00  0.80701579E+01
  0.83876075E+00  0.79432259E+01
  0.86768353E+00  0.78142399E+01
  0.89660632E+00  0.76843996E+01
  0.92552910E+00  0.75549490E+01
  0.95445189E+00  0.74271562E+01
  0.98337467E+00  0.73022938E+01
  0.10122975E+01  0.71816184E+01
  0.10412202E+01  0.70663508E+01
  0.10701430E+01  0.69576571E+01
  0.10990658E+01  0.68566308E+01
  0.11279886E+01  0.67642759E+01
  0.11569114E+01  0.66814925E+01
  0.11861278E+01  0.66905364E+01
  0.12153442E+01  0.67175686E+01
  0.12445607E+01  0.67622919E+01
  0.12737771E+01  0.68242148E+01
  0.13029935E+01  0.69026575E+01
  0.13322099E+01  0.69967604E+01
  0.13614263E+01  0.71054941E+01
  0.13906428E+01  0.72276722E+01
  0.14198592E+01  0.73619656E+01
  0.14490756E+01  0.75069183E+01
  0.14782920E+01  0.76609653E+01
  0.15075085E+01  0.78224513E+01
  0.15367249E+01  0.79896506E+01
  0.15659413E+01  0.81607881E+01
  0.15659413E+01  0.81607880E+01
  0.15951577E+01  0.83340601E+01
  0.16243742E+01  0.85076566E+01
  0.16535906E+01  0.86797820E+01
  0.16828070E+01  0.88486774E+01
  0.17120234E+01  0.90126406E+01
  0.17412399E+01  0.91700469E+01
  0.17704563E+01  0.93193675E+01
  0.17996727E+01  0.94591880E+01
  0.18288891E+01  0.95882240E+01
  0.18581056E+01  0.97053365E+01
  0.18873220E+01  0.98095439E+01
  0.19165384E+01  0.99000336E+01
  0.19457548E+01  0.99761700E+01
  0.19749713E+01  0.10037501E+02
  0.20041877E+01  0.10083764E+02
  0.20334041E+01  0.10114883E+02
  0.20626205E+01  0.10130972E+02
  0.20918370E+01  0.10132333E+02
  0.21210534E+01  0.10119444E+02
  0.21502698E+01  0.10092961E+02
  0.21794862E+01  0.10053700E+02
  0.22087027E+01  0.10002628E+02
  0.22379191E+01  0.99093315E+01
  0.22671355E+01  0.97686932E+01
  0.22963519E+01  0.96364827E+01
  0.23255683E+01  0.95127239E+01
  0.23547848E+01  0.93973983E+01
  0.23840012E+01  0.92904504E+01
  0.24132176E+01  0.91917929E+01
  0.24424340E+01  0.91013126E+01
  0.24716505E+01  0.90188756E+01
  0.25008669E+01  0.89443336E+01
  0.25300833E+01  0.89520733E+01
  0.25592997E+01  0.89565100E+01
  0.25885162E+01  0.88783256E+01
  0.26177326E+01  0.88079787E+01
  0.26469490E+01  0.87465629E+01
  0.26761654E+01  0.86950054E+01
  0.27053819E+01  0.86540814E+01
  0.27345983E+01  0.86244047E+01
  0.27638147E+01  0.86064193E+01
  0.27930311E+01  0.86003942E+01
  0.28216573E+01  0.86068423E+01
  0.28502834E+01  0.86261348E+01
  0.28789095E+01  0.86581162E+01
  0.29075357E+01  0.87025290E+01
  0.29361618E+01  0.87590158E+01
  0.29647879E+01  0.88271215E+01
  0.29934141E+01  0.89062980E+01
  0.30220402E+01  0.89959079E+01
  0.30506663E+01  0.90952295E+01
  0.30792925E+01  0.92034632E+01
  0.31079186E+01  0.93197375E+01
  0.31365447E+01  0.94431164E+01
  0.31651709E+01  0.95726063E+01
  0.31937970E+01  0.97071648E+01
  0.32224231E+01  0.98457085E+01
  0.32510493E+01  0.99871218E+01
  0.32796754E+01  0.10130266E+02
  0.33083015E+01  0.10273989E+02
  0.33369277E+01  0.10417134E+02
  0.33655538E+01  0.10558547E+02
  0.33941799E+01  0.10697091E+02
  0.34228061E+01  0.10831649E+02
  0.34514322E+01  0.10961139E+02
  0.34800583E+01  0.11084518E+02
  0.35086845E+01  0.11200792E+02
  0.35373106E+01  0.11309026E+02
  0.35659367E+01  0.11408348E+02
  0.35945629E+01  0.11497958E+02
  0.36231890E+01  0.11577134E+02
  0.36518151E+01  0.11645240E+02
  0.36804413E+01  0.11701727E+02
  0.37090674E+01  0.11746140E+02
  0.37376935E+01  0.11778121E+02
  0.37663196E+01  0.11797414E+02
  0.37949458E+01  0.11803862E+02
  0.38241622E+01  0.11781722E+02
  0.38533786E+01  0.11716920E+02
  0.38825951E+01  0.11613807E+02
  0.39118115E+01  0.11478303E+02
  0.39410279E+01  0.11316709E+02
  0.39702443E+01  0.11134923E+02
  0.39994608E+01  0.10938086E+02
  0.40286772E+01  0.10730526E+02
  0.40578936E+01  0.10515837E+02
  0.40871100E+01  0.10297013E+02
  0.41163264E+01  0.10076565E+02
  0.41455429E+01  0.98566244E+01
  0.41747593E+01  0.96390227E+01
  0.42039757E+01  0.94253505E+01
  0.42331921E+01  0.92169993E+01
  0.42624086E+01  0.90151928E+01
  0.42916250E+01  0.88210076E+01
  0.43208414E+01  0.86353881E+01
  0.43500578E+01  0.84591559E+01
  0.43792743E+01  0.82930166E+01
  0.44084907E+01  0.81375632E+01
  0.44377071E+01  0.79932790E+01
  0.44669235E+01  0.78605383E+01
  0.44961400E+01  0.77396076E+01
  0.45253564E+01  0.76306457E+01
  0.45545728E+01  0.75337045E+01
  0.45837892E+01  0.74487304E+01
  0.46130057E+01  0.73761447E+01
  0.46419284E+01  0.73717454E+01
  0.46708512E+01  0.73586657E+01
  0.46997740E+01  0.73372562E+01
  0.47286968E+01  0.73080879E+01
  0.47576196E+01  0.72719335E+01
  0.47865424E+01  0.72297418E+01
  0.48154652E+01  0.71826086E+01
  0.48443879E+01  0.71317436E+01
  0.48733107E+01  0.70784358E+01
  0.49022335E+01  0.70240187E+01
  0.49311563E+01  0.69698360E+01
  0.49600791E+01  0.69172084E+01
  0.49890019E+01  0.68674032E+01
  0.50179246E+01  0.68216065E+01
  0.50468474E+01  0.67808974E+01
  0.50757702E+01  0.67462268E+01
  0.51046930E+01  0.67183982E+01
  0.51336158E+01  0.66980526E+01
  0.51625386E+01  0.66856562E+01
  0.51914614E+01  0.66814925E+01
  
  0.00000000E+00  0.86003942E+01
  0.28922784E-01  0.86136040E+01
  0.57845569E-01  0.86531202E+01
  0.86768353E-01  0.87186046E+01
  0.11569114E+00  0.88094982E+01
  0.14461392E+00  0.89250289E+01
  0.17353671E+00  0.90642213E+01
  0.20245949E+00  0.92259090E+01
  0.23138228E+00  0.94087493E+01
  0.26030506E+00  0.96112410E+01
  0.28922784E+00  0.98317414E+01
  0.31815063E+00  0.10068487E+02
  0.34707341E+00  0.10319614E+02
  0.37599620E+00  0.10583180E+02
  0.40491898E+00  0.10857186E+02
  0.43384177E+00  0.11139597E+02
  0.46276455E+00  0.11428363E+02
  0.49168734E+00  0.11721442E+02
  0.52061012E+00  0.12016813E+02
  0.54953290E+00  0.12312502E+02
  0.57845569E+00  0.12606590E+02
  0.60737847E+00  0.12897233E+02
  0.63630126E+00  0.13182670E+02
  0.66522404E+00  0.13461236E+02
  0.69414683E+00  0.13731369E+02
  0.72306961E+00  0.13991616E+02
  0.75199240E+00  0.14240634E+02
  0.78091518E+00  0.14477197E+02
  0.80983796E+00  0.14700192E+02
  0.83876075E+00  0.14908618E+02
  0.86768353E+00  0.15101585E+02
  0.89660632E+00  0.15278306E+02
  0.92552910E+00  0.15438097E+02
  0.95445189E+00  0.15580366E+02
  0.98337467E+00  0.15704611E+02
  0.10122975E+01  0.15810411E+02
  0.10412202E+01  0.15897421E+02
  0.10701430E+01  0.15965370E+02
  0.10990658E+01  0.16014049E+02
  0.11279886E+01  0.16043314E+02
  0.11569114E+01  0.16053078E+02
  0.11861278E+01  0.16044692E+02
  0.12153442E+01  0.16019584E+02
  0.12445607E+01  0.15977905E+02
  0.12737771E+01  0.15919903E+02
  0.13029935E+01  0.15845923E+02
  0.13322099E+01  0.15756403E+02
  0.13614263E+01  0.15651870E+02
  0.13906428E+01  0.15532936E+02
  0.14198592E+01  0.15400292E+02
  0.14490756E+01  0.15254701E+02
  0.14782920E+01  0.15096993E+02
  0.15075085E+01  0.14928055E+02
  0.15367249E+01  0.14748828E+02
  0.15659413E+01  0.14560293E+02
  0.15659413E+01  0.14560294E+02
  0.15951577E+01  0.14363469E+02
  0.16243742E+01  0.14159396E+02
  0.16535906E+01  0.13949137E+02
  0.16828070E+01  0.13733760E+02
  0.17120234E+01  0.13514335E+02
  0.17412399E+01  0.13291925E+02
  0.17704563E+01  0.13067574E+02
  0.17996727E+01  0.12842306E+02
  0.18288891E+01  0.12617111E+02
  0.18581056E+01  0.12392944E+02
  0.18873220E+01  0.12170717E+02
  0.19165384E+01  0.11951289E+02
  0.19457548E+01  0.11735469E+02
  0.19749713E+01  0.11524008E+02
  0.20041877E+01  0.11317594E+02
  0.20334041E+01  0.11116853E+02
  0.20626205E+01  0.10922346E+02
  0.20918370E+01  0.10734566E+02
  0.21210534E+01  0.10553943E+02
  0.21502698E+01  0.10380840E+02
  0.21794862E+01  0.10215555E+02
  0.22087027E+01  0.10058326E+02
  0.22379191E+01  0.99408502E+01
  0.22671355E+01  0.98695953E+01
  0.22963519E+01  0.97901961E+01
  0.23255683E+01  0.97040730E+01
  0.23547848E+01  0.96127146E+01
  0.23840012E+01  0.95176575E+01
  0.24132176E+01  0.94204658E+01
  0.24424340E+01  0.93227104E+01
  0.24716505E+01  0.92259481E+01
  0.25008669E+01  0.91317011E+01
  0.25300833E+01  0.90414376E+01
  0.25592997E+01  0.89655510E+01
  0.25885162E+01  0.89621557E+01
  0.26177326E+01  0.89328852E+01
  0.26469490E+01  0.88726348E+01
  0.26761654E+01  0.87932838E+01
  0.27053819E+01  0.87153850E+01
  0.27345983E+01  0.86531886E+01
  0.27638147E+01  0.86138141E+01
  0.27930311E+01  0.86003942E+01
  0.28216573E+01  0.86093561E+01
  0.28502834E+01  0.86352647E+01
  0.28789095E+01  0.86748854E+01
  0.29075357E+01  0.87219011E+01
  0.29361618E+01  0.87663853E+01
  0.29647879E+01  0.88271217E+01
  0.29934141E+01  0.89062982E+01
  0.30220402E+01  0.89959081E+01
  0.30506663E+01  0.90952297E+01
  0.30792925E+01  0.92034634E+01
  0.31079186E+01  0.93197378E+01
  0.31365447E+01  0.94431167E+01
  0.31651709E+01  0.95726067E+01
  0.31937970E+01  0.97071652E+01
  0.32224231E+01  0.98457088E+01
  0.32510493E+01  0.99871222E+01
  0.32796754E+01  0.10130267E+02
  0.33083015E+01  0.10273990E+02
  0.33369277E+01  0.10417134E+02
  0.33655538E+01  0.10558547E+02
  0.33941799E+01  0.10697091E+02
  0.34228061E+01  0.10831650E+02
  0.34514322E+01  0.10961140E+02
  0.34800583E+01  0.11084518E+02
  0.35086845E+01  0.11200793E+02
  0.35373106E+01  0.11309026E+02
  0.35659367E+01  0.11408348E+02
  0.35945629E+01  0.11497958E+02
  0.36231890E+01  0.11577134E+02
  0.36518151E+01  0.11645240E+02
  0.36804413E+01  0.11701727E+02
  0.37090674E+01  0.11746140E+02
  0.37376935E+01  0.11778121E+02
  0.37663196E+01  0.11797414E+02
  0.37949458E+01  0.11803862E+02
  0.38241622E+01  0.11811349E+02
  0.38533786E+01  0.11833827E+02
  0.38825951E+01  0.11871332E+02
  0.39118115E+01  0.11923907E+02
  0.39410279E+01  0.11991567E+02
  0.39702443E+01  0.12074264E+02
  0.39994608E+01  0.12171852E+02
  0.40286772E+01  0.12284051E+02
  0.40578936E+01  0.12410421E+02
  0.40871100E+01  0.12550346E+02
  0.41163264E+01  0.12703026E+02
  0.41455429E+01  0.12867484E+02
  0.41747593E+01  0.13042578E+02
  0.42039757E+01  0.13227016E+02
  0.42331921E+01  0.13419385E+02
  0.42624086E+01  0.13618173E+02
  0.42916250E+01  0.13821791E+02
  0.43208414E+01  0.14028606E+02
  0.43500578E+01  0.14236957E+02
  0.43792743E+01  0.14445177E+02
  0.44084907E+01  0.14651618E+02
  0.44377071E+01  0.14854663E+02
  0.44669235E+01  0.15052741E+02
  0.44961400E+01  0.15244346E+02
  0.45253564E+01  0.15428046E+02
  0.45545728E+01  0.15602493E+02
  0.45837892E+01  0.15766434E+02
  0.46130057E+01  0.15918134E+02
  0.46419284E+01  0.15919088E+02
  0.46708512E+01  0.15921916E+02
  0.46997740E+01  0.15926520E+02
  0.47286968E+01  0.15932744E+02
  0.47576196E+01  0.15940378E+02
  0.47865424E+01  0.15949177E+02
  0.48154652E+01  0.15958867E+02
  0.48443879E+01  0.15969161E+02
  0.48733107E+01  0.15979768E+02
  0.49022335E+01  0.15990406E+02
  0.49311563E+01  0.16000810E+02
  0.49600791E+01  0.16010737E+02
  0.49890019E+01  0.16019970E+02
  0.50179246E+01  0.16028324E+02
  0.50468474E+01  0.16035640E+02
  0.50757702E+01  0.16041791E+02
  0.51046930E+01  0.16046675E+02
  0.51336158E+01  0.16050215E+02
  0.51625386E+01  0.16052360E+02
  0.51914614E+01  0.16053078E+02
  
  0.00000000E+00  0.92452607E+01
  0.28922784E-01  0.92458320E+01
  0.57845569E-01  0.92474858E+01
  0.86768353E-01  0.92500436E+01
  0.11569114E+00  0.92532122E+01
  0.14461392E+00  0.92565918E+01
  0.17353671E+00  0.92596847E+01
  0.20245949E+00  0.92619087E+01
  0.23138228E+00  0.94087496E+01
  0.26030506E+00  0.96112414E+01
  0.28922784E+00  0.98317418E+01
  0.31815063E+00  0.10068487E+02
  0.34707341E+00  0.10319614E+02
  0.37599620E+00  0.10583181E+02
  0.40491898E+00  0.10857187E+02
  0.43384177E+00  0.11139598E+02
  0.46276455E+00  0.11428364E+02
  0.49168734E+00  0.11721442E+02
  0.52061012E+00  0.12016814E+02
  0.54953290E+00  0.12312502E+02
  0.57845569E+00  0.12606591E+02
  0.60737847E+00  0.12897233E+02
  0.63630126E+00  0.13182670E+02
  0.66522404E+00  0.13461237E+02
  0.69414683E+00  0.13731370E+02
  0.72306961E+00  0.13991616E+02
  0.75199240E+00  0.14240634E+02
  0.78091518E+00  0.14477197E+02
  0.80983796E+00  0.14700192E+02
  0.83876075E+00  0.14908618E+02
  0.86768353E+00  0.15101585E+02
  0.89660632E+00  0.15278307E+02
  0.92552910E+00  0.15438097E+02
  0.95445189E+00  0.15580367E+02
  0.98337467E+00  0.15704611E+02
  0.10122975E+01  0.15810411E+02
  0.10412202E+01  0.15897422E+02
  0.10701430E+01  0.15965370E+02
  0.10990658E+01  0.16014049E+02
  0.11279886E+01  0.16043314E+02
  0.11569114E+01  0.16053078E+02
  0.11861278E+01  0.16059990E+02
  0.12153442E+01  0.16080520E+02
  0.12445607E+01  0.16114057E+02
  0.12737771E+01  0.16159610E+02
  0.13029935E+01  0.16215836E+02
  0.13322099E+01  0.16281090E+02
  0.13614263E+01  0.16353471E+02
  0.13906428E+01  0.16430877E+02
  0.14198592E+01  0.16511057E+02
  0.14490756E+01  0.16591666E+02
  0.14782920E+01  0.16670307E+02
  0.15075085E+01  0.16744582E+02
  0.15367249E+01  0.16812130E+02
  0.15659413E+01  0.16870658E+02
  0.15659413E+01  0.16870658E+02
  0.15951577E+01  0.16917977E+02
  0.16243742E+01  0.16952028E+02
  0.16535906E+01  0.16970905E+02
  0.16828070E+01  0.16972877E+02
  0.17120234E+01  0.16956406E+02
  0.17412399E+01  0.16920160E+02
  0.17704563E+01  0.16863033E+02
  0.17996727E+01  0.16784146E+02
  0.18288891E+01  0.16682867E+02
  0.18581056E+01  0.16558809E+02
  0.18873220E+01  0.16411837E+02
  0.19165384E+01  0.16242073E+02
  0.19457548E+01  0.16049891E+02
  0.19749713E+01  0.15835919E+02
  0.20041877E+01  0.15601032E+02
  0.20334041E+01  0.15346345E+02
  0.20626205E+01  0.15073204E+02
  0.20918370E+01  0.14783178E+02
  0.21210534E+01  0.14478040E+02
  0.21502698E+01  0.14159754E+02
  0.21794862E+01  0.13830460E+02
  0.22087027E+01  0.13492455E+02
  0.22379191E+01  0.13148170E+02
  0.22671355E+01  0.12800153E+02
  0.22963519E+01  0.12451049E+02
  0.23255683E+01  0.12103579E+02
  0.23547848E+01  0.11760523E+02
  0.23840012E+01  0.11424710E+02
  0.24132176E+01  0.11099018E+02
  0.24424340E+01  0.10786387E+02
  0.24716505E+01  0.10489884E+02
  0.25008669E+01  0.10212844E+02
  0.25300833E+01  0.99591949E+01
  0.25592997E+01  0.97341709E+01
  0.25885162E+01  0.95456257E+01
  0.26177326E+01  0.94045433E+01
  0.26469490E+01  0.93176817E+01
  0.26761654E+01  0.92746182E+01
  0.27053819E+01  0.92560163E+01
  0.27345983E+01  0.92485872E+01
  0.27638147E+01  0.92459061E+01
  0.27930311E+01  0.92452607E+01
  0.28216573E+01  0.92458968E+01
  0.28502834E+01  0.92487047E+01
  0.28789095E+01  0.92566881E+01
  0.29075357E+01  0.92757806E+01
  0.29361618E+01  0.93153765E+01
  0.29647879E+01  0.93860653E+01
  0.29934141E+01  0.94937619E+01
  0.30220402E+01  0.96369678E+01
  0.30506663E+01  0.98104217E+01
  0.30792925E+01  0.10008824E+02
  0.31079186E+01  0.10227874E+02
  0.31365447E+01  0.10464098E+02
  0.31651709E+01  0.10714523E+02
  0.31937970E+01  0.10976445E+02
  0.32224231E+01  0.11247306E+02
  0.32510493E+01  0.11524617E+02
  0.32796754E+01  0.11805933E+02
  0.33083015E+01  0.12088834E+02
  0.33369277E+01  0.12370932E+02
  0.33655538E+01  0.12649870E+02
  0.33941799E+01  0.12923339E+02
  0.34228061E+01  0.13189088E+02
  0.34514322E+01  0.13444937E+02
  0.34800583E+01  0.13688797E+02
  0.35086845E+01  0.13918680E+02
  0.35373106E+01  0.14132715E+02
  0.35659367E+01  0.14329162E+02
  0.35945629E+01  0.14506427E+02
  0.36231890E+01  0.14663072E+02
  0.36518151E+01  0.14797827E+02
  0.36804413E+01  0.14909602E+02
  0.37090674E+01  0.14997490E+02
  0.37376935E+01  0.15060780E+02
  0.37663196E+01  0.15098961E+02
  0.37949458E+01  0.15111722E+02
  0.38241622E+01  0.15128452E+02
  0.38533786E+01  0.15177039E+02
  0.38825951E+01  0.15253166E+02
  0.39118115E+01  0.15350971E+02
  0.39410279E+01  0.15464233E+02
  0.39702443E+01  0.15587160E+02
  0.39994608E+01  0.15714741E+02
  0.40286772E+01  0.15842802E+02
  0.40578936E+01  0.15967924E+02
  0.40871100E+01  0.16087317E+02
  0.41163264E+01  0.16198699E+02
  0.41455429E+01  0.16300191E+02
  0.41747593E+01  0.16390241E+02
  0.42039757E+01  0.16467565E+02
  0.42331921E+01  0.16531104E+02
  0.42624086E+01  0.16579991E+02
  0.42916250E+01  0.16613537E+02
  0.43208414E+01  0.16631208E+02
  0.43500578E+01  0.16632623E+02
  0.43792743E+01  0.16617541E+02
  0.44084907E+01  0.16585860E+02
  0.44377071E+01  0.16537613E+02
  0.44669235E+01  0.16472968E+02
  0.44961400E+01  0.16392221E+02
  0.45253564E+01  0.16295803E+02
  0.45545728E+01  0.16184271E+02
  0.45837892E+01  0.16058308E+02
  0.46130057E+01  0.15919305E+02
  0.46419284E+01  0.15920251E+02
  0.46708512E+01  0.15923056E+02
  0.46997740E+01  0.15927622E+02
  0.47286968E+01  0.15933793E+02
  0.47576196E+01  0.15941363E+02
  0.47865424E+01  0.15950088E+02
  0.48154652E+01  0.15959696E+02
  0.48443879E+01  0.15969902E+02
  0.48733107E+01  0.15980418E+02
  0.49022335E+01  0.15990964E+02
  0.49311563E+01  0.16001277E+02
  0.49600791E+01  0.16011117E+02
  0.49890019E+01  0.16020269E+02
  0.50179246E+01  0.16028548E+02
  0.50468474E+01  0.16035799E+02
  0.50757702E+01  0.16041894E+02
  0.51046930E+01  0.16046733E+02
  0.51336158E+01  0.16050241E+02
  0.51625386E+01  0.16052366E+02
  0.51914614E+01  0.16053078E+02
  
