  0.00000000E+00 -0.57058064E+01
  0.28922784E-01 -0.57042567E+01
  0.57845569E-01 -0.56995934E+01
  0.86768353E-01 -0.56917738E+01
  0.11569114E+00 -0.56807274E+01
  0.14461392E+00 -0.56663567E+01
  0.17353671E+00 -0.56485379E+01
  0.20245949E+00 -0.56271226E+01
  0.23138227E+00 -0.56019393E+01
  0.26030506E+00 -0.55727950E+01
  0.28922784E+00 -0.55394779E+01
  0.31815063E+00 -0.55017590E+01
  0.34707341E+00 -0.54593953E+01
  0.37599620E+00 -0.54121319E+01
  0.40491898E+00 -0.53597052E+01
  0.43384176E+00 -0.53018457E+01
  0.46276455E+00 -0.52382813E+01
  0.49168733E+00 -0.51687398E+01
  0.52061012E+00 -0.50929527E+01
  0.54953290E+00 -0.50106580E+01
  0.57845569E+00 -0.49216035E+01
  0.60737847E+00 -0.48255498E+01
  0.63630126E+00 -0.47222731E+01
  0.66522404E+00 -0.46115686E+01
  0.69414682E+00 -0.44932528E+01
  0.72306961E+00 -0.43671666E+01
  0.75199239E+00 -0.42331773E+01
  0.78091518E+00 -0.40911811E+01
  0.80983796E+00 -0.39411055E+01
  0.83876075E+00 -0.37829106E+01
  0.86768353E+00 -0.36165912E+01
  0.89660631E+00 -0.34421779E+01
  0.92552910E+00 -0.32597384E+01
  0.95445188E+00 -0.30693785E+01
  0.98337467E+00 -0.28712425E+01
  0.10122975E+01 -0.26655136E+01
  0.10412202E+01 -0.24524143E+01
  0.10701430E+01 -0.22322060E+01
  0.10990658E+01 -0.20051887E+01
  0.11279886E+01 -0.17717003E+01
  0.11569114E+01 -0.15321158E+01
  0.11861278E+01 -0.15345169E+01
  0.12153442E+01 -0.15417727E+01
  0.12445606E+01 -0.15540388E+01
  0.12737771E+01 -0.15715675E+01
  0.13029935E+01 -0.15946985E+01
  0.13322099E+01 -0.16238435E+01
  0.13614263E+01 -0.16594665E+01
  0.13906428E+01 -0.17020596E+01
  0.14198592E+01 -0.17521126E+01
  0.14490756E+01 -0.18100805E+01
  0.14782920E+01 -0.18763480E+01
  0.15075085E+01 -0.19511946E+01
  0.15367249E+01 -0.20347637E+01
  0.15659413E+01 -0.21270375E+01
  0.15659413E+01 -0.21270375E+01
  0.15951577E+01 -0.22278216E+01
  0.16243742E+01 -0.23367398E+01
  0.16535906E+01 -0.24532405E+01
  0.16828070E+01 -0.25766123E+01
  0.17120234E+01 -0.27060086E+01
  0.17412399E+01 -0.28404769E+01
  0.17704563E+01 -0.29789902E+01
  0.17996727E+01 -0.31204797E+01
  0.18288891E+01 -0.32638642E+01
  0.18581056E+01 -0.34080773E+01
  0.18873220E+01 -0.35520900E+01
  0.19165384E+01 -0.36949289E+01
  0.19457548E+01 -0.38356915E+01
  0.19749713E+01 -0.39735557E+01
  0.20041877E+01 -0.41077880E+01
  0.20334041E+01 -0.42377469E+01
  0.20626205E+01 -0.43628848E+01
  0.20918369E+01 -0.44827475E+01
  0.21210534E+01 -0.45969716E+01
  0.21502698E+01 -0.47052813E+01
  0.21794862E+01 -0.48074826E+01
  0.22087026E+01 -0.49034579E+01
  0.22379191E+01 -0.49931592E+01
  0.22671355E+01 -0.50766009E+01
  0.22963519E+01 -0.51538523E+01
  0.23255683E+01 -0.52250299E+01
  0.23547848E+01 -0.52902897E+01
  0.23840012E+01 -0.53498195E+01
  0.24132176E+01 -0.54038313E+01
  0.24424340E+01 -0.54525544E+01
  0.24716505E+01 -0.54962286E+01
  0.25008669E+01 -0.55350975E+01
  0.25300833E+01 -0.55694031E+01
  0.25592997E+01 -0.55993799E+01
  0.25885162E+01 -0.56252507E+01
  0.26177326E+01 -0.56472217E+01
  0.26469490E+01 -0.56654789E+01
  0.26761654E+01 -0.56801853E+01
  0.27053819E+01 -0.56914777E+01
  0.27345983E+01 -0.56994646E+01
  0.27638147E+01 -0.57042250E+01
  0.27930311E+01 -0.57058064E+01
  0.28216573E+01 -0.57042882E+01
  0.28502834E+01 -0.56997186E+01
  0.28789095E+01 -0.56920524E+01
  0.29075357E+01 -0.56812148E+01
  0.29361618E+01 -0.56671021E+01
  0.29647879E+01 -0.56495828E+01
  0.29934141E+01 -0.56284989E+01
  0.30220402E+01 -0.56036679E+01
  0.30506663E+01 -0.55748841E+01
  0.30792925E+01 -0.55419222E+01
  0.31079186E+01 -0.55045389E+01
  0.31365447E+01 -0.54624773E+01
  0.31651709E+01 -0.54154700E+01
  0.31937970E+01 -0.53632443E+01
  0.32224231E+01 -0.53055265E+01
  0.32510492E+01 -0.52420492E+01
  0.32796754E+01 -0.51725573E+01
  0.33083015E+01 -0.50968177E+01
  0.33369276E+01 -0.50146295E+01
  0.33655538E+01 -0.49258368E+01
  0.33941799E+01 -0.48303456E+01
  0.34228060E+01 -0.47281449E+01
  0.34514322E+01 -0.46193344E+01
  0.34800583E+01 -0.45041624E+01
  0.35086844E+01 -0.43830769E+01
  0.35373106E+01 -0.42567976E+01
  0.35659367E+01 -0.41264176E+01
  0.35945628E+01 -0.39935467E+01
  0.36231890E+01 -0.38605127E+01
  0.36518151E+01 -0.37306296E+01
  0.36804412E+01 -0.36085160E+01
  0.37090674E+01 -0.35003625E+01
  0.37376935E+01 -0.34138667E+01
  0.37663196E+01 -0.33573368E+01
  0.37949458E+01 -0.33375943E+01
  0.38241622E+01 -0.33359884E+01
  0.38533786E+01 -0.33311503E+01
  0.38825950E+01 -0.33230189E+01
  0.39118115E+01 -0.33114935E+01
  0.39410279E+01 -0.32964364E+01
  0.39702443E+01 -0.32776748E+01
  0.39994607E+01 -0.32550054E+01
  0.40286772E+01 -0.32281978E+01
  0.40578936E+01 -0.31970009E+01
  0.40871100E+01 -0.31611482E+01
  0.41163264E+01 -0.31203651E+01
  0.41455429E+01 -0.30743771E+01
  0.41747593E+01 -0.30229178E+01
  0.42039757E+01 -0.29657393E+01
  0.42331921E+01 -0.29026221E+01
  0.42624086E+01 -0.28333863E+01
  0.42916250E+01 -0.27579038E+01
  0.43208414E+01 -0.26761111E+01
  0.43500578E+01 -0.25880226E+01
  0.43792743E+01 -0.24937446E+01
  0.44084907E+01 -0.23934902E+01
  0.44377071E+01 -0.22875942E+01
  0.44669235E+01 -0.21765282E+01
  0.44961399E+01 -0.20609152E+01
  0.45253564E+01 -0.19415436E+01
  0.45545728E+01 -0.18193777E+01
  0.45837892E+01 -0.16955655E+01
  0.46130056E+01 -0.15714386E+01
  0.46419284E+01 -0.15711982E+01
  0.46708512E+01 -0.15704830E+01
  0.46997740E+01 -0.15693102E+01
  0.47286968E+01 -0.15677081E+01
  0.47576196E+01 -0.15657153E+01
  0.47865424E+01 -0.15633803E+01
  0.48154651E+01 -0.15607597E+01
  0.48443879E+01 -0.15579172E+01
  0.48733107E+01 -0.15549224E+01
  0.49022335E+01 -0.15518485E+01
  0.49311563E+01 -0.15487711E+01
  0.49600791E+01 -0.15457661E+01
  0.49890018E+01 -0.15429079E+01
  0.50179246E+01 -0.15402674E+01
  0.50468474E+01 -0.15379103E+01
  0.50757702E+01 -0.15358956E+01
  0.51046930E+01 -0.15342735E+01
  0.51336158E+01 -0.15330849E+01
  0.51625385E+01 -0.15323596E+01
  0.51914613E+01 -0.15321158E+01
  
  0.00000000E+00  0.63432361E+01
  0.28922784E-01  0.63359605E+01
  0.57845569E-01  0.63141550E+01
  0.86768353E-01  0.62778839E+01
  0.11569114E+00  0.62272540E+01
  0.14461392E+00  0.61624141E+01
  0.17353671E+00  0.60835549E+01
  0.20245949E+00  0.59909079E+01
  0.23138227E+00  0.58847447E+01
  0.26030506E+00  0.57653764E+01
  0.28922784E+00  0.56331518E+01
  0.31815063E+00  0.54884567E+01
  0.34707341E+00  0.53317123E+01
  0.37599620E+00  0.51633736E+01
  0.40491898E+00  0.49839280E+01
  0.43384176E+00  0.47938932E+01
  0.46276455E+00  0.45938155E+01
  0.49168733E+00  0.43842676E+01
  0.52061012E+00  0.41658467E+01
  0.54953290E+00  0.39391720E+01
  0.57845569E+00  0.37048826E+01
  0.60737847E+00  0.34636348E+01
  0.63630126E+00  0.32160997E+01
  0.66522404E+00  0.29629608E+01
  0.69414682E+00  0.27049108E+01
  0.72306961E+00  0.24426497E+01
  0.75199239E+00  0.21768811E+01
  0.78091518E+00  0.19083102E+01
  0.80983796E+00  0.16376407E+01
  0.83876075E+00  0.13655717E+01
  0.86768353E+00  0.10927954E+01
  0.89660631E+00  0.81999400E+00
  0.92552910E+00  0.54783704E+00
  0.95445188E+00  0.27697869E+00
  0.98337467E+00  0.80551057E-02
  0.10122975E+01 -0.25831807E+00
  0.10412202E+01 -0.52154818E+00
  0.10701430E+01 -0.78106787E+00
  0.10990658E+01 -0.10363373E+01
  0.11279886E+01 -0.12868462E+01
  0.11569114E+01 -0.15321158E+01
  0.11861278E+01 -0.15302148E+01
  0.12153442E+01 -0.15244774E+01
  0.12445606E+01 -0.15148006E+01
  0.12737771E+01 -0.15010151E+01
  0.13029935E+01 -0.14828878E+01
  0.13322099E+01 -0.14601265E+01
  0.13614263E+01 -0.14323850E+01
  0.13906428E+01 -0.13992695E+01
  0.14198592E+01 -0.13603457E+01
  0.14490756E+01 -0.13151472E+01
  0.14782920E+01 -0.12631843E+01
  0.15075085E+01 -0.12039534E+01
  0.15367249E+01 -0.11369469E+01
  0.15659413E+01 -0.10616638E+01
  0.15659413E+01 -0.10616638E+01
  0.15951577E+01 -0.97762015E+00
  0.16243742E+01 -0.88435937E+00
  0.16535906E+01 -0.78146305E+00
  0.16828070E+01 -0.66856109E+00
  0.17120234E+01 -0.54534163E+00
  0.17412399E+01 -0.41156040E+00
  0.17704563E+01 -0.26704943E+00
  0.17996727E+01 -0.11172501E+00
  0.18288891E+01  0.54405307E-01
  0.18581056E+01  0.23123664E+00
  0.18873220E+01  0.41856189E+00
  0.19165384E+01  0.61606798E+00
  0.19457548E+01  0.82333338E+00
  0.19749713E+01  0.10398269E+01
  0.20041877E+01  0.12649079E+01
  0.20334041E+01  0.14978276E+01
  0.20626205E+01  0.17377323E+01
  0.20918369E+01  0.19836673E+01
  0.21210534E+01  0.22345824E+01
  0.21502698E+01  0.24893388E+01
  0.21794862E+01  0.27467173E+01
  0.22087026E+01  0.30054267E+01
  0.22379191E+01  0.32641148E+01
  0.22671355E+01  0.35213787E+01
  0.22963519E+01  0.37757770E+01
  0.23255683E+01  0.40258422E+01
  0.23547848E+01  0.42700936E+01
  0.23840012E+01  0.45070509E+01
  0.24132176E+01  0.47352475E+01
  0.24424340E+01  0.49532447E+01
  0.24716505E+01  0.51596445E+01
  0.25008669E+01  0.53531038E+01
  0.25300833E+01  0.55323467E+01
  0.25592997E+01  0.56961773E+01
  0.25885162E+01  0.58434914E+01
  0.26177326E+01  0.59732868E+01
  0.26469490E+01  0.60846742E+01
  0.26761654E+01  0.61768853E+01
  0.27053819E+01  0.62492805E+01
  0.27345983E+01  0.63013559E+01
  0.27638147E+01  0.63327477E+01
  0.27930311E+01  0.63432361E+01
  0.28216573E+01  0.63321845E+01
  0.28502834E+01  0.62990914E+01
  0.28789095E+01  0.62441413E+01
  0.29075357E+01  0.61676401E+01
  0.29361618E+01  0.60700127E+01
  0.29647879E+01  0.59518002E+01
  0.29934141E+01  0.58136552E+01
  0.30220402E+01  0.56563376E+01
  0.30506663E+01  0.54807087E+01
  0.30792925E+01  0.52877252E+01
  0.31079186E+01  0.50784324E+01
  0.31365447E+01  0.48539573E+01
  0.31651709E+01  0.46155015E+01
  0.31937970E+01  0.43643335E+01
  0.32224231E+01  0.41017815E+01
  0.32510492E+01  0.38292270E+01
  0.32796754E+01  0.35480987E+01
  0.33083015E+01  0.32598673E+01
  0.33369276E+01  0.29660426E+01
  0.33655538E+01  0.26681729E+01
  0.33941799E+01  0.23678474E+01
  0.34228060E+01  0.20667044E+01
  0.34514322E+01  0.17664454E+01
  0.34800583E+01  0.14688599E+01
  0.35086844E+01  0.11758649E+01
  0.35373106E+01  0.88956407E+00
  0.35659367E+01  0.61233885E+00
  0.35945628E+01  0.34698142E+00
  0.36231890E+01  0.96886267E-01
  0.36518151E+01 -0.13369006E+00
  0.36804412E+01 -0.33931823E+00
  0.37090674E+01 -0.51313533E+00
  0.37376935E+01 -0.64691508E+00
  0.37663196E+01 -0.73196845E+00
  0.37949458E+01 -0.76124435E+00
  0.38241622E+01 -0.75960770E+00
  0.38533786E+01 -0.75474227E+00
  0.38825950E+01 -0.74678226E+00
  0.39118115E+01 -0.73595363E+00
  0.39410279E+01 -0.72257735E+00
  0.39702443E+01 -0.70707410E+00
  0.39994607E+01 -0.68996991E+00
  0.40286772E+01 -0.67190282E+00
  0.40578936E+01 -0.65362970E+00
  0.40871100E+01 -0.63603248E+00
  0.41163264E+01 -0.62012222E+00
  0.41455429E+01 -0.60703865E+00
  0.41747593E+01 -0.59804200E+00
  0.42039757E+01 -0.59449285E+00
  0.42331921E+01 -0.59781534E+00
  0.42624086E+01 -0.60943966E+00
  0.42916250E+01 -0.63072186E+00
  0.43208414E+01 -0.66284422E+00
  0.43500578E+01 -0.70670606E+00
  0.43792743E+01 -0.76282172E+00
  0.44084907E+01 -0.83124644E+00
  0.44377071E+01 -0.91154764E+00
  0.44669235E+01 -0.10028298E+01
  0.44961399E+01 -0.11038076E+01
  0.45253564E+01 -0.12129120E+01
  0.45545728E+01 -0.13284073E+01
  0.45837892E+01 -0.14485015E+01
  0.46130056E+01 -0.15714386E+01
  0.46419284E+01 -0.15711982E+01
  0.46708512E+01 -0.15704830E+01
  0.46997740E+01 -0.15693102E+01
  0.47286968E+01 -0.15677080E+01
  0.47576196E+01 -0.15657153E+01
  0.47865424E+01 -0.15633803E+01
  0.48154651E+01 -0.15607596E+01
  0.48443879E+01 -0.15579172E+01
  0.48733107E+01 -0.15549223E+01
  0.49022335E+01 -0.15518484E+01
  0.49311563E+01 -0.15487711E+01
  0.49600791E+01 -0.15457661E+01
  0.49890018E+01 -0.15429079E+01
  0.50179246E+01 -0.15402674E+01
  0.50468474E+01 -0.15379103E+01
  0.50757702E+01 -0.15358955E+01
  0.51046930E+01 -0.15342735E+01
  0.51336158E+01 -0.15330849E+01
  0.51625385E+01 -0.15323596E+01
  0.51914613E+01 -0.15321158E+01
  
  0.00000000E+00  0.63432361E+01
  0.28922784E-01  0.63386964E+01
  0.57845569E-01  0.63251055E+01
  0.86768353E-01  0.63025478E+01
  0.11569114E+00  0.62711633E+01
  0.14461392E+00  0.62311466E+01
  0.17353671E+00  0.61827462E+01
  0.20245949E+00  0.61262622E+01
  0.23138227E+00  0.60620448E+01
  0.26030506E+00  0.59904924E+01
  0.28922784E+00  0.59120483E+01
  0.31815063E+00  0.58271985E+01
  0.34707341E+00  0.57364687E+01
  0.37599620E+00  0.56404204E+01
  0.40491898E+00  0.55396482E+01
  0.43384176E+00  0.54347753E+01
  0.46276455E+00  0.53264501E+01
  0.49168733E+00  0.52153422E+01
  0.52061012E+00  0.51021376E+01
  0.54953290E+00  0.49875354E+01
  0.57845569E+00  0.48722426E+01
  0.60737847E+00  0.47569702E+01
  0.63630126E+00  0.46424288E+01
  0.66522404E+00  0.45293240E+01
  0.69414682E+00  0.44183521E+01
  0.72306961E+00  0.43101961E+01
  0.75199239E+00  0.42055213E+01
  0.78091518E+00  0.41049712E+01
  0.80983796E+00  0.40091636E+01
  0.83876075E+00  0.39186870E+01
  0.86768353E+00  0.38340969E+01
  0.89660631E+00  0.37559125E+01
  0.92552910E+00  0.36846133E+01
  0.95445188E+00  0.36206367E+01
  0.98337467E+00  0.35643747E+01
  0.10122975E+01  0.35161724E+01
  0.10412202E+01  0.34763249E+01
  0.10701430E+01  0.34450765E+01
  0.10990658E+01  0.34226184E+01
  0.11279886E+01  0.34090884E+01
  0.11569114E+01  0.34045691E+01
  0.11861278E+01  0.34019767E+01
  0.12153442E+01  0.33943054E+01
  0.12445606E+01  0.33818711E+01
  0.12737771E+01  0.33651913E+01
  0.13029935E+01  0.33449719E+01
  0.13322099E+01  0.33220882E+01
  0.13614263E+01  0.32975596E+01
  0.13906428E+01  0.32725177E+01
  0.14198592E+01  0.32481699E+01
  0.14490756E+01  0.32257566E+01
  0.14782920E+01  0.32065076E+01
  0.15075085E+01  0.31915963E+01
  0.15367249E+01  0.31820984E+01
  0.15659413E+01  0.31789558E+01
  0.15659413E+01  0.31789559E+01
  0.15951577E+01  0.31829497E+01
  0.16243742E+01  0.31946837E+01
  0.16535906E+01  0.32145788E+01
  0.16828070E+01  0.32428775E+01
  0.17120234E+01  0.32796574E+01
  0.17412399E+01  0.33248490E+01
  0.17704563E+01  0.33782583E+01
  0.17996727E+01  0.34395883E+01
  0.18288891E+01  0.35084609E+01
  0.18581056E+01  0.35844354E+01
  0.18873220E+01  0.36670247E+01
  0.19165384E+01  0.37557077E+01
  0.19457548E+01  0.38499393E+01
  0.19749713E+01  0.39491573E+01
  0.20041877E+01  0.40527875E+01
  0.20334041E+01  0.41602469E+01
  0.20626205E+01  0.42709454E+01
  0.20918369E+01  0.43842869E+01
  0.21210534E+01  0.44996699E+01
  0.21502698E+01  0.46164875E+01
  0.21794862E+01  0.47341276E+01
  0.22087026E+01  0.48519734E+01
  0.22379191E+01  0.49694036E+01
  0.22671355E+01  0.50857939E+01
  0.22963519E+01  0.52005179E+01
  0.23255683E+01  0.53129492E+01
  0.23547848E+01  0.54224641E+01
  0.23840012E+01  0.55284442E+01
  0.24132176E+01  0.56302803E+01
  0.24424340E+01  0.57273757E+01
  0.24716505E+01  0.58191512E+01
  0.25008669E+01  0.59050492E+01
  0.25300833E+01  0.59845387E+01
  0.25592997E+01  0.60571202E+01
  0.25885162E+01  0.61223307E+01
  0.26177326E+01  0.61797482E+01
  0.26469490E+01  0.62289967E+01
  0.26761654E+01  0.62697501E+01
  0.27053819E+01  0.63017360E+01
  0.27345983E+01  0.63247392E+01
  0.27638147E+01  0.63386040E+01
  0.27930311E+01  0.63432361E+01
  0.28216573E+01  0.63407523E+01
  0.28502834E+01  0.63333210E+01
  0.28789095E+01  0.63210021E+01
  0.29075357E+01  0.63038946E+01
  0.29361618E+01  0.62821364E+01
  0.29647879E+01  0.62559026E+01
  0.29934141E+01  0.62254044E+01
  0.30220402E+01  0.61908874E+01
  0.30506663E+01  0.61526296E+01
  0.30792925E+01  0.61109389E+01
  0.31079186E+01  0.60661509E+01
  0.31365447E+01  0.60186264E+01
  0.31651709E+01  0.59687480E+01
  0.31937970E+01  0.59169171E+01
  0.32224231E+01  0.58635513E+01
  0.32510492E+01  0.58090800E+01
  0.32796754E+01  0.57539420E+01
  0.33083015E+01  0.56985811E+01
  0.33369276E+01  0.56434430E+01
  0.33655538E+01  0.55889718E+01
  0.33941799E+01  0.55356060E+01
  0.34228060E+01  0.54837751E+01
  0.34514322E+01  0.54338967E+01
  0.34800583E+01  0.53863722E+01
  0.35086844E+01  0.53415843E+01
  0.35373106E+01  0.52998935E+01
  0.35659367E+01  0.52616357E+01
  0.35945628E+01  0.52271187E+01
  0.36231890E+01  0.51966206E+01
  0.36518151E+01  0.51703868E+01
  0.36804412E+01  0.51486286E+01
  0.37090674E+01  0.51315211E+01
  0.37376935E+01  0.51192022E+01
  0.37663196E+01  0.51117709E+01
  0.37949458E+01  0.51092871E+01
  0.38241622E+01  0.51018804E+01
  0.38533786E+01  0.50797582E+01
  0.38825950E+01  0.50432144E+01
  0.39118115E+01  0.49927393E+01
  0.39410279E+01  0.49290194E+01
  0.39702443E+01  0.48529384E+01
  0.39994607E+01  0.47655772E+01
  0.40286772E+01  0.46682143E+01
  0.40578936E+01  0.45623256E+01
  0.40871100E+01  0.44495821E+01
  0.41163264E+01  0.43318452E+01
  0.41455429E+01  0.42111567E+01
  0.41747593E+01  0.40897201E+01
  0.42039757E+01  0.39698707E+01
  0.42331921E+01  0.38540269E+01
  0.42624086E+01  0.37446225E+01
  0.42916250E+01  0.36440150E+01
  0.43208414E+01  0.35543750E+01
  0.43500578E+01  0.34775667E+01
  0.43792743E+01  0.34150351E+01
  0.44084907E+01  0.33677220E+01
  0.44377071E+01  0.33360286E+01
  0.44669235E+01  0.33198311E+01
  0.44961399E+01  0.33185467E+01
  0.45253564E+01  0.33312327E+01
  0.45545728E+01  0.33566976E+01
  0.45837892E+01  0.33936070E+01
  0.46130056E+01  0.34405719E+01
  0.46419284E+01  0.34403520E+01
  0.46708512E+01  0.34396976E+01
  0.46997740E+01  0.34386245E+01
  0.47286968E+01  0.34371584E+01
  0.47576196E+01  0.34353349E+01
  0.47865424E+01  0.34331979E+01
  0.48154651E+01  0.34307994E+01
  0.48443879E+01  0.34281976E+01
  0.48733107E+01  0.34254560E+01
  0.49022335E+01  0.34226418E+01
  0.49311563E+01  0.34198241E+01
  0.49600791E+01  0.34170724E+01
  0.49890018E+01  0.34144548E+01
  0.50179246E+01  0.34120364E+01
  0.50468474E+01  0.34098774E+01
  0.50757702E+01  0.34080319E+01
  0.51046930E+01  0.34065460E+01
  0.51336158E+01  0.34054570E+01
  0.51625385E+01  0.34047925E+01
  0.51914613E+01  0.34045691E+01
  
  0.00000000E+00  0.63432361E+01
  0.28922784E-01  0.63386964E+01
  0.57845569E-01  0.63251055E+01
  0.86768353E-01  0.63025478E+01
  0.11569114E+00  0.62711633E+01
  0.14461392E+00  0.62311467E+01
  0.17353671E+00  0.61827462E+01
  0.20245949E+00  0.61262622E+01
  0.23138227E+00  0.60620449E+01
  0.26030506E+00  0.59904924E+01
  0.28922784E+00  0.59120483E+01
  0.31815063E+00  0.58271986E+01
  0.34707341E+00  0.57364687E+01
  0.37599620E+00  0.56404205E+01
  0.40491898E+00  0.55396482E+01
  0.43384176E+00  0.54347753E+01
  0.46276455E+00  0.53264502E+01
  0.49168733E+00  0.52153422E+01
  0.52061012E+00  0.51021377E+01
  0.54953290E+00  0.49875354E+01
  0.57845569E+00  0.48722427E+01
  0.60737847E+00  0.47569703E+01
  0.63630126E+00  0.46424289E+01
  0.66522404E+00  0.45293240E+01
  0.69414682E+00  0.44183521E+01
  0.72306961E+00  0.43101962E+01
  0.75199239E+00  0.42055213E+01
  0.78091518E+00  0.41049712E+01
  0.80983796E+00  0.40091636E+01
  0.83876075E+00  0.39186870E+01
  0.86768353E+00  0.38340970E+01
  0.89660631E+00  0.37559125E+01
  0.92552910E+00  0.36846134E+01
  0.95445188E+00  0.36206367E+01
  0.98337467E+00  0.35643748E+01
  0.10122975E+01  0.35161724E+01
  0.10412202E+01  0.34763249E+01
  0.10701430E+01  0.34450765E+01
  0.10990658E+01  0.34226184E+01
  0.11279886E+01  0.34090884E+01
  0.11569114E+01  0.34045691E+01
  0.11861278E+01  0.34076259E+01
  0.12153442E+01  0.34167796E+01
  0.12445606E+01  0.34319804E+01
  0.12737771E+01  0.34531458E+01
  0.13029935E+01  0.34801612E+01
  0.13322099E+01  0.35128811E+01
  0.13614263E+01  0.35511298E+01
  0.13906428E+01  0.35947037E+01
  0.14198592E+01  0.36433721E+01
  0.14490756E+01  0.36968798E+01
  0.14782920E+01  0.37549486E+01
  0.15075085E+01  0.38172800E+01
  0.15367249E+01  0.38835576E+01
  0.15659413E+01  0.39534492E+01
  0.15659413E+01  0.39534492E+01
  0.15951577E+01  0.40266098E+01
  0.16243742E+01  0.41026841E+01
  0.16535906E+01  0.41813092E+01
  0.16828070E+01  0.42621172E+01
  0.17120234E+01  0.43447381E+01
  0.17412399E+01  0.44288024E+01
  0.17704563E+01  0.45139432E+01
  0.17996727E+01  0.45997992E+01
  0.18288891E+01  0.46860168E+01
  0.18581056E+01  0.47722523E+01
  0.18873220E+01  0.48581735E+01
  0.19165384E+01  0.49434624E+01
  0.19457548E+01  0.50278157E+01
  0.19749713E+01  0.51109471E+01
  0.20041877E+01  0.51925881E+01
  0.20334041E+01  0.52724887E+01
  0.20626205E+01  0.53504185E+01
  0.20918369E+01  0.54261672E+01
  0.21210534E+01  0.54995442E+01
  0.21502698E+01  0.55703794E+01
  0.21794862E+01  0.56385223E+01
  0.22087026E+01  0.57038422E+01
  0.22379191E+01  0.57662269E+01
  0.22671355E+01  0.58255823E+01
  0.22963519E+01  0.58818314E+01
  0.23255683E+01  0.59349130E+01
  0.23547848E+01  0.59847805E+01
  0.23840012E+01  0.60314005E+01
  0.24132176E+01  0.60747516E+01
  0.24424340E+01  0.61148223E+01
  0.24716505E+01  0.61516103E+01
  0.25008669E+01  0.61851202E+01
  0.25300833E+01  0.62153623E+01
  0.25592997E+01  0.62423512E+01
  0.25885162E+01  0.62661041E+01
  0.26177326E+01  0.62866398E+01
  0.26469490E+01  0.63039772E+01
  0.26761654E+01  0.63181342E+01
  0.27053819E+01  0.63291270E+01
  0.27345983E+01  0.63369688E+01
  0.27638147E+01  0.63416698E+01
  0.27930311E+01  0.63432361E+01
  0.28216573E+01  0.63407523E+01
  0.28502834E+01  0.63333211E+01
  0.28789095E+01  0.63210021E+01
  0.29075357E+01  0.63038947E+01
  0.29361618E+01  0.62821364E+01
  0.29647879E+01  0.62559026E+01
  0.29934141E+01  0.62254045E+01
  0.30220402E+01  0.61908875E+01
  0.30506663E+01  0.61526297E+01
  0.30792925E+01  0.61109390E+01
  0.31079186E+01  0.60661510E+01
  0.31365447E+01  0.60186265E+01
  0.31651709E+01  0.59687481E+01
  0.31937970E+01  0.59169173E+01
  0.32224231E+01  0.58635514E+01
  0.32510492E+01  0.58090802E+01
  0.32796754E+01  0.57539421E+01
  0.33083015E+01  0.56985812E+01
  0.33369276E+01  0.56434432E+01
  0.33655538E+01  0.55889719E+01
  0.33941799E+01  0.55356061E+01
  0.34228060E+01  0.54837753E+01
  0.34514322E+01  0.54338968E+01
  0.34800583E+01  0.53863723E+01
  0.35086844E+01  0.53415844E+01
  0.35373106E+01  0.52998936E+01
  0.35659367E+01  0.52616358E+01
  0.35945628E+01  0.52271188E+01
  0.36231890E+01  0.51966206E+01
  0.36518151E+01  0.51703868E+01
  0.36804412E+01  0.51486286E+01
  0.37090674E+01  0.51315211E+01
  0.37376935E+01  0.51192022E+01
  0.37663196E+01  0.51117709E+01
  0.37949458E+01  0.51092871E+01
  0.38241622E+01  0.51059643E+01
  0.38533786E+01  0.50960158E+01
  0.38825950E+01  0.50795023E+01
  0.39118115E+01  0.50565237E+01
  0.39410279E+01  0.50272191E+01
  0.39702443E+01  0.49917654E+01
  0.39994607E+01  0.49503756E+01
  0.40286772E+01  0.49032983E+01
  0.40578936E+01  0.48508151E+01
  0.40871100E+01  0.47932400E+01
  0.41163264E+01  0.47309179E+01
  0.41455429E+01  0.46642236E+01
  0.41747593E+01  0.45935608E+01
  0.42039757E+01  0.45193627E+01
  0.42331921E+01  0.44420917E+01
  0.42624086E+01  0.43622412E+01
  0.42916250E+01  0.42803372E+01
  0.43208414E+01  0.41969412E+01
  0.43500578E+01  0.41126541E+01
  0.43792743E+01  0.40281216E+01
  0.44084907E+01  0.39440394E+01
  0.44377071E+01  0.38611607E+01
  0.44669235E+01  0.37803044E+01
  0.44961399E+01  0.37023626E+01
  0.45253564E+01  0.36283096E+01
  0.45545728E+01  0.35592083E+01
  0.45837892E+01  0.34962139E+01
  0.46130056E+01  0.34405719E+01
  0.46419284E+01  0.34403521E+01
  0.46708512E+01  0.34396977E+01
  0.46997740E+01  0.34386245E+01
  0.47286968E+01  0.34371585E+01
  0.47576196E+01  0.34353349E+01
  0.47865424E+01  0.34331980E+01
  0.48154651E+01  0.34307994E+01
  0.48443879E+01  0.34281976E+01
  0.48733107E+01  0.34254560E+01
  0.49022335E+01  0.34226418E+01
  0.49311563E+01  0.34198241E+01
  0.49600791E+01  0.34170724E+01
  0.49890018E+01  0.34144549E+01
  0.50179246E+01  0.34120364E+01
  0.50468474E+01  0.34098775E+01
  0.50757702E+01  0.34080319E+01
  0.51046930E+01  0.34065460E+01
  0.51336158E+01  0.34054570E+01
  0.51625385E+01  0.34047925E+01
  0.51914613E+01  0.34045691E+01
  
