  0.00000000E+00 -0.58913802E+01
  0.28922784E-01 -0.58898392E+01
  0.57845569E-01 -0.58852024E+01
  0.86768353E-01 -0.58774277E+01
  0.11569114E+00 -0.58664455E+01
  0.14461392E+00 -0.58521596E+01
  0.17353671E+00 -0.58344481E+01
  0.20245949E+00 -0.58131643E+01
  0.23138228E+00 -0.57881392E+01
  0.26030506E+00 -0.57591823E+01
  0.28922784E+00 -0.57260843E+01
  0.31815063E+00 -0.56886192E+01
  0.34707341E+00 -0.56465468E+01
  0.37599620E+00 -0.55996151E+01
  0.40491898E+00 -0.55475635E+01
  0.43384177E+00 -0.54901252E+01
  0.46276455E+00 -0.54270307E+01
  0.49168734E+00 -0.53580103E+01
  0.52061012E+00 -0.52827978E+01
  0.54953290E+00 -0.52011331E+01
  0.57845569E+00 -0.51127655E+01
  0.60737847E+00 -0.50174569E+01
  0.63630126E+00 -0.49149844E+01
  0.66522404E+00 -0.48051436E+01
  0.69414683E+00 -0.46877511E+01
  0.72306961E+00 -0.45626473E+01
  0.75199240E+00 -0.44296987E+01
  0.78091518E+00 -0.42888003E+01
  0.80983796E+00 -0.41398777E+01
  0.83876075E+00 -0.39828892E+01
  0.86768353E+00 -0.38178268E+01
  0.89660632E+00 -0.36447185E+01
  0.92552910E+00 -0.34636288E+01
  0.95445189E+00 -0.32746599E+01
  0.98337467E+00 -0.30779525E+01
  0.10122975E+01 -0.28736860E+01
  0.10412202E+01 -0.26620787E+01
  0.10701430E+01 -0.24433877E+01
  0.10990658E+01 -0.22179088E+01
  0.11279886E+01 -0.19859756E+01
  0.11569114E+01 -0.17479587E+01
  0.11861278E+01 -0.17503832E+01
  0.12153442E+01 -0.17577073E+01
  0.12445607E+01 -0.17700807E+01
  0.12737771E+01 -0.17877468E+01
  0.13029935E+01 -0.18110322E+01
  0.13322099E+01 -0.18403324E+01
  0.13614263E+01 -0.18760926E+01
  0.13906428E+01 -0.19187834E+01
  0.14198592E+01 -0.19688727E+01
  0.14490756E+01 -0.20267928E+01
  0.14782920E+01 -0.20929074E+01
  0.15075085E+01 -0.21674781E+01
  0.15367249E+01 -0.22506343E+01
  0.15659413E+01 -0.23423497E+01
  0.15659413E+01 -0.23423497E+01
  0.15951577E+01 -0.24424275E+01
  0.16243742E+01 -0.25504952E+01
  0.16535906E+01 -0.26660106E+01
  0.16828070E+01 -0.27882767E+01
  0.17120234E+01 -0.29164649E+01
  0.17412399E+01 -0.30496431E+01
  0.17704563E+01 -0.31868059E+01
  0.17996727E+01 -0.33269060E+01
  0.18288891E+01 -0.34688829E+01
  0.18581056E+01 -0.36116888E+01
  0.18873220E+01 -0.37543117E+01
  0.19165384E+01 -0.38957930E+01
  0.19457548E+01 -0.40352419E+01
  0.19749713E+01 -0.41718465E+01
  0.20041877E+01 -0.43048805E+01
  0.20334041E+01 -0.44337081E+01
  0.20626205E+01 -0.45577851E+01
  0.20918370E+01 -0.46766592E+01
  0.21210534E+01 -0.47899678E+01
  0.21502698E+01 -0.48974339E+01
  0.21794862E+01 -0.49988620E+01
  0.22087027E+01 -0.50941319E+01
  0.22379191E+01 -0.51831926E+01
  0.22671355E+01 -0.52660547E+01
  0.22963519E+01 -0.53427838E+01
  0.23255683E+01 -0.54134924E+01
  0.23547848E+01 -0.54783324E+01
  0.23840012E+01 -0.55374877E+01
  0.24132176E+01 -0.55911665E+01
  0.24424340E+01 -0.56395947E+01
  0.24716505E+01 -0.56830085E+01
  0.25008669E+01 -0.57216489E+01
  0.25300833E+01 -0.57557550E+01
  0.25592997E+01 -0.57855590E+01
  0.25885162E+01 -0.58112816E+01
  0.26177326E+01 -0.58331274E+01
  0.26469490E+01 -0.58512810E+01
  0.26761654E+01 -0.58659040E+01
  0.27053819E+01 -0.58771325E+01
  0.27345983E+01 -0.58850742E+01
  0.27638147E+01 -0.58898077E+01
  0.27930311E+01 -0.58913802E+01
  0.28216573E+01 -0.58898706E+01
  0.28502834E+01 -0.58853268E+01
  0.28789095E+01 -0.58777037E+01
  0.29075357E+01 -0.58669269E+01
  0.29361618E+01 -0.58528930E+01
  0.29647879E+01 -0.58354711E+01
  0.29934141E+01 -0.58145041E+01
  0.30220402E+01 -0.57898103E+01
  0.30506663E+01 -0.57611855E+01
  0.30792925E+01 -0.57284059E+01
  0.31079186E+01 -0.56912303E+01
  0.31365447E+01 -0.56494045E+01
  0.31651709E+01 -0.56026642E+01
  0.31937970E+01 -0.55507404E+01
  0.32224231E+01 -0.54933644E+01
  0.32510493E+01 -0.54302738E+01
  0.32796754E+01 -0.53612207E+01
  0.33083015E+01 -0.52859795E+01
  0.33369277E+01 -0.52043585E+01
  0.33655538E+01 -0.51162128E+01
  0.33941799E+01 -0.50214611E+01
  0.34228061E+01 -0.49201072E+01
  0.34514322E+01 -0.48122684E+01
  0.34800583E+01 -0.46982128E+01
  0.35086845E+01 -0.45784115E+01
  0.35373106E+01 -0.44536097E+01
  0.35659367E+01 -0.43249274E+01
  0.35945629E+01 -0.41939998E+01
  0.36231890E+01 -0.40631712E+01
  0.36518151E+01 -0.39357483E+01
  0.36804413E+01 -0.38162912E+01
  0.37090674E+01 -0.37108365E+01
  0.37376935E+01 -0.36267875E+01
  0.37663196E+01 -0.35720222E+01
  0.37949458E+01 -0.35529307E+01
  0.38241622E+01 -0.35513115E+01
  0.38533786E+01 -0.35464337E+01
  0.38825951E+01 -0.35382370E+01
  0.39118115E+01 -0.35266222E+01
  0.39410279E+01 -0.35114535E+01
  0.39702443E+01 -0.34925608E+01
  0.39994608E+01 -0.34697435E+01
  0.40286772E+01 -0.34427751E+01
  0.40578936E+01 -0.34114083E+01
  0.40871100E+01 -0.33753811E+01
  0.41163264E+01 -0.33344240E+01
  0.41455429E+01 -0.32882673E+01
  0.41747593E+01 -0.32366503E+01
  0.42039757E+01 -0.31793301E+01
  0.42331921E+01 -0.31160926E+01
  0.42624086E+01 -0.30467628E+01
  0.42916250E+01 -0.29712169E+01
  0.43208414E+01 -0.28893948E+01
  0.43500578E+01 -0.28013131E+01
  0.43792743E+01 -0.27070785E+01
  0.44084907E+01 -0.26069026E+01
  0.44377071E+01 -0.25011157E+01
  0.44669235E+01 -0.23901816E+01
  0.44961400E+01 -0.22747115E+01
  0.45253564E+01 -0.21554769E+01
  0.45545728E+01 -0.20334199E+01
  0.45837892E+01 -0.19096599E+01
  0.46130057E+01 -0.17854929E+01
  0.46419284E+01 -0.17852635E+01
  0.46708512E+01 -0.17845807E+01
  0.46997740E+01 -0.17834610E+01
  0.47286968E+01 -0.17819315E+01
  0.47576196E+01 -0.17800291E+01
  0.47865424E+01 -0.17778000E+01
  0.48154652E+01 -0.17752983E+01
  0.48443879E+01 -0.17725849E+01
  0.48733107E+01 -0.17697261E+01
  0.49022335E+01 -0.17667920E+01
  0.49311563E+01 -0.17638546E+01
  0.49600791E+01 -0.17609864E+01
  0.49890019E+01 -0.17582584E+01
  0.50179246E+01 -0.17557383E+01
  0.50468474E+01 -0.17534887E+01
  0.50757702E+01 -0.17515659E+01
  0.51046930E+01 -0.17500179E+01
  0.51336158E+01 -0.17488836E+01
  0.51625386E+01 -0.17481914E+01
  0.51914614E+01 -0.17479587E+01
  
  0.00000000E+00  0.60879096E+01
  0.28922784E-01  0.60806631E+01
  0.57845569E-01  0.60589449E+01
  0.86768353E-01  0.60228191E+01
  0.11569114E+00  0.59723924E+01
  0.14461392E+00  0.59078133E+01
  0.17353671E+00  0.58292721E+01
  0.20245949E+00  0.57370000E+01
  0.23138228E+00  0.56312682E+01
  0.26030506E+00  0.55123871E+01
  0.28922784E+00  0.53807051E+01
  0.31815063E+00  0.52366073E+01
  0.34707341E+00  0.50805143E+01
  0.37599620E+00  0.49128803E+01
  0.40491898E+00  0.47341920E+01
  0.43384177E+00  0.45449662E+01
  0.46276455E+00  0.43457485E+01
  0.49168734E+00  0.41371108E+01
  0.52061012E+00  0.39196491E+01
  0.54953290E+00  0.36939819E+01
  0.57845569E+00  0.34607470E+01
  0.60737847E+00  0.32205996E+01
  0.63630126E+00  0.29742098E+01
  0.66522404E+00  0.27222595E+01
  0.69414683E+00  0.24654401E+01
  0.72306961E+00  0.22044501E+01
  0.75199240E+00  0.19399913E+01
  0.78091518E+00  0.16727673E+01
  0.80983796E+00  0.14034794E+01
  0.83876075E+00  0.11328249E+01
  0.86768353E+00  0.86149344E+00
  0.89660632E+00  0.59016473E+00
  0.92552910E+00  0.31950553E+00
  0.95445189E+00  0.50167045E-01
  0.98337467E+00 -0.21721772E+00
  0.10122975E+01 -0.48203649E+00
  0.10412202E+01 -0.74370016E+00
  0.10701430E+01 -0.10016451E+01
  0.10990658E+01 -0.12553354E+01
  0.11279886E+01 -0.15042649E+01
  0.11569114E+01 -0.17479587E+01
  0.11861278E+01 -0.17460115E+01
  0.12153442E+01 -0.17401363E+01
  0.12445607E+01 -0.17302327E+01
  0.12737771E+01 -0.17161357E+01
  0.13029935E+01 -0.16976183E+01
  0.13322099E+01 -0.16743956E+01
  0.13614263E+01 -0.16461306E+01
  0.13906428E+01 -0.16124395E+01
  0.14198592E+01 -0.15728998E+01
  0.14490756E+01 -0.15270575E+01
  0.14782920E+01 -0.14744363E+01
  0.15075085E+01 -0.14145467E+01
  0.15367249E+01 -0.13468957E+01
  0.15659413E+01 -0.12709972E+01
  0.15659413E+01 -0.12709972E+01
  0.15951577E+01 -0.11863819E+01
  0.16243742E+01 -0.10926083E+01
  0.16535906E+01 -0.98927222E+00
  0.16828070E+01 -0.87601752E+00
  0.17120234E+01 -0.75254542E+00
  0.17412399E+01 -0.61862384E+00
  0.17704563E+01 -0.47409585E+00
  0.17996727E+01 -0.31888748E+00
  0.18288891E+01 -0.15301459E+00
  0.18581056E+01  0.23411244E-01
  0.18873220E+01  0.21017790E+00
  0.19165384E+01  0.40696910E+00
  0.19457548E+01  0.61336194E+00
  0.19749713E+01  0.82882583E+00
  0.20041877E+01  0.10527226E+01
  0.20334041E+01  0.12843080E+01
  0.20626205E+01  0.15227346E+01
  0.20918370E+01  0.17670560E+01
  0.21210534E+01  0.20162320E+01
  0.21502698E+01  0.22691358E+01
  0.21794862E+01  0.25245611E+01
  0.22087027E+01  0.27812320E+01
  0.22379191E+01  0.30378121E+01
  0.22671355E+01  0.32929158E+01
  0.22963519E+01  0.35451199E+01
  0.23255683E+01  0.37929757E+01
  0.23547848E+01  0.40350221E+01
  0.23840012E+01  0.42697985E+01
  0.24132176E+01  0.44958581E+01
  0.24424340E+01  0.47117819E+01
  0.24716505E+01  0.49161913E+01
  0.25008669E+01  0.51077618E+01
  0.25300833E+01  0.52852357E+01
  0.25592997E+01  0.54474339E+01
  0.25885162E+01  0.55932678E+01
  0.26177326E+01  0.57217499E+01
  0.26469490E+01  0.58320034E+01
  0.26761654E+01  0.59232711E+01
  0.27053819E+01  0.59949228E+01
  0.27345983E+01  0.60464618E+01
  0.27638147E+01  0.60775296E+01
  0.27930311E+01  0.60879096E+01
  0.28216573E+01  0.60769873E+01
  0.28502834E+01  0.60442809E+01
  0.28789095E+01  0.59899723E+01
  0.29075357E+01  0.59143628E+01
  0.29361618E+01  0.58178711E+01
  0.29647879E+01  0.57010302E+01
  0.29934141E+01  0.55644834E+01
  0.30220402E+01  0.54089795E+01
  0.30506663E+01  0.52353677E+01
  0.30792925E+01  0.50445914E+01
  0.31079186E+01  0.48376817E+01
  0.31365447E+01  0.46157508E+01
  0.31651709E+01  0.43799845E+01
  0.31937970E+01  0.41316359E+01
  0.32224231E+01  0.38720175E+01
  0.32510493E+01  0.36024957E+01
  0.32796754E+01  0.33244841E+01
  0.33083015E+01  0.30394399E+01
  0.33369277E+01  0.27488605E+01
  0.33655538E+01  0.24542835E+01
  0.33941799E+01  0.21572895E+01
  0.34228061E+01  0.18595108E+01
  0.34514322E+01  0.15626460E+01
  0.34800583E+01  0.12684853E+01
  0.35086845E+01  0.97894983E+00
  0.35373106E+01  0.69615142E+00
  0.35659367E+01  0.42248211E+00
  0.35945629E+01  0.16074448E+00
  0.36231890E+01 -0.85663978E-01
  0.36518151E+01 -0.31250589E+00
  0.36804413E+01 -0.51442091E+00
  0.37090674E+01 -0.68470830E+00
  0.37376935E+01 -0.81544286E+00
  0.37663196E+01 -0.89837070E+00
  0.37949458E+01 -0.92687494E+00
  0.38241622E+01 -0.92535478E+00
  0.38533786E+01 -0.92083886E+00
  0.38825951E+01 -0.91346141E+00
  0.39118115E+01 -0.90344838E+00
  0.39410279E+01 -0.89112062E+00
  0.39702443E+01 -0.87689838E+00
  0.39994608E+01 -0.86130670E+00
  0.40286772E+01 -0.84498163E+00
  0.40578936E+01 -0.82867649E+00
  0.40871100E+01 -0.81326721E+00
  0.41163264E+01 -0.79975516E+00
  0.41455429E+01 -0.78926522E+00
  0.41747593E+01 -0.78303569E+00
  0.42039757E+01 -0.78239608E+00
  0.42331921E+01 -0.78872855E+00
  0.42624086E+01 -0.80340925E+00
  0.42916250E+01 -0.82772869E+00
  0.43208414E+01 -0.86279497E+00
  0.43500578E+01 -0.90943013E+00
  0.43792743E+01 -0.96807599E+00
  0.44084907E+01 -0.10387285E+01
  0.44377071E+01 -0.11209160E+01
  0.44669235E+01 -0.12137280E+01
  0.44961400E+01 -0.13158879E+01
  0.45253564E+01 -0.14258547E+01
  0.45545728E+01 -0.15419340E+01
  0.45837892E+01 -0.16623823E+01
  0.46130057E+01 -0.17854929E+01
  0.46419284E+01 -0.17852635E+01
  0.46708512E+01 -0.17845807E+01
  0.46997740E+01 -0.17834610E+01
  0.47286968E+01 -0.17819315E+01
  0.47576196E+01 -0.17800291E+01
  0.47865424E+01 -0.17778000E+01
  0.48154652E+01 -0.17752983E+01
  0.48443879E+01 -0.17725849E+01
  0.48733107E+01 -0.17697261E+01
  0.49022335E+01 -0.17667920E+01
  0.49311563E+01 -0.17638546E+01
  0.49600791E+01 -0.17609864E+01
  0.49890019E+01 -0.17582584E+01
  0.50179246E+01 -0.17557383E+01
  0.50468474E+01 -0.17534887E+01
  0.50757702E+01 -0.17515659E+01
  0.51046930E+01 -0.17500179E+01
  0.51336158E+01 -0.17488836E+01
  0.51625386E+01 -0.17481914E+01
  0.51914614E+01 -0.17479587E+01
  
  0.00000000E+00  0.60879096E+01
  0.28922784E-01  0.60834756E+01
  0.57845569E-01  0.60702009E+01
  0.86768353E-01  0.60481678E+01
  0.11569114E+00  0.60175128E+01
  0.14461392E+00  0.59784258E+01
  0.17353671E+00  0.59311488E+01
  0.20245949E+00  0.58759747E+01
  0.23138228E+00  0.58132449E+01
  0.26030506E+00  0.57433479E+01
  0.28922784E+00  0.56667161E+01
  0.31815063E+00  0.55838238E+01
  0.34707341E+00  0.54951836E+01
  0.37599620E+00  0.54013437E+01
  0.40491898E+00  0.53028843E+01
  0.43384177E+00  0.52004137E+01
  0.46276455E+00  0.50945650E+01
  0.49168734E+00  0.49859919E+01
  0.52061012E+00  0.48753647E+01
  0.54953290E+00  0.47633661E+01
  0.57845569E+00  0.46506870E+01
  0.60737847E+00  0.45380221E+01
  0.63630126E+00  0.44260661E+01
  0.66522404E+00  0.43155087E+01
  0.69414683E+00  0.42070309E+01
  0.72306961E+00  0.41013007E+01
  0.75199240E+00  0.39989688E+01
  0.78091518E+00  0.39006648E+01
  0.80983796E+00  0.38069934E+01
  0.83876075E+00  0.37185306E+01
  0.86768353E+00  0.36358201E+01
  0.89660632E+00  0.35593702E+01
  0.92552910E+00  0.34896505E+01
  0.95445189E+00  0.34270892E+01
  0.98337467E+00  0.33720706E+01
  0.10122975E+01  0.33249323E+01
  0.10412202E+01  0.32859637E+01
  0.10701430E+01  0.32554040E+01
  0.10990658E+01  0.32334408E+01
  0.11279886E+01  0.32202087E+01
  0.11569114E+01  0.32157889E+01
  0.11861278E+01  0.32132616E+01
  0.12153442E+01  0.32057831E+01
  0.12445607E+01  0.31936611E+01
  0.12737771E+01  0.31773999E+01
  0.13029935E+01  0.31576872E+01
  0.13322099E+01  0.31353754E+01
  0.13614263E+01  0.31114564E+01
  0.13906428E+01  0.30870318E+01
  0.14198592E+01  0.30632756E+01
  0.14490756E+01  0.30413950E+01
  0.14782920E+01  0.30225862E+01
  0.15075085E+01  0.30079920E+01
  0.15367249E+01  0.29986609E+01
  0.15659413E+01  0.29955128E+01
  0.15659413E+01  0.29955127E+01
  0.15951577E+01  0.29993128E+01
  0.16243742E+01  0.30106550E+01
  0.16535906E+01  0.30299566E+01
  0.16828070E+01  0.30574620E+01
  0.17120234E+01  0.30932547E+01
  0.17412399E+01  0.31372750E+01
  0.17704563E+01  0.31893399E+01
  0.17996727E+01  0.32491655E+01
  0.18288891E+01  0.33163865E+01
  0.18581056E+01  0.33905752E+01
  0.18873220E+01  0.34712567E+01
  0.19165384E+01  0.35579216E+01
  0.19457548E+01  0.36500357E+01
  0.19749713E+01  0.37470473E+01
  0.20041877E+01  0.38483920E+01
  0.20334041E+01  0.39534962E+01
  0.20626205E+01  0.40617793E+01
  0.20918370E+01  0.41726546E+01
  0.21210534E+01  0.42855302E+01
  0.21502698E+01  0.43998093E+01
  0.21794862E+01  0.45148903E+01
  0.22087027E+01  0.46301671E+01
  0.22379191E+01  0.47450302E+01
  0.22671355E+01  0.48588673E+01
  0.22963519E+01  0.49710646E+01
  0.23255683E+01  0.50810091E+01
  0.23547848E+01  0.51880908E+01
  0.23840012E+01  0.52917053E+01
  0.24132176E+01  0.53912576E+01
  0.24424340E+01  0.54861656E+01
  0.24716505E+01  0.55758642E+01
  0.25008669E+01  0.56598101E+01
  0.25300833E+01  0.57374858E+01
  0.25592997E+01  0.58084049E+01
  0.25885162E+01  0.58721168E+01
  0.26177326E+01  0.59282108E+01
  0.26469490E+01  0.59763211E+01
  0.26761654E+01  0.60161305E+01
  0.27053819E+01  0.60473743E+01
  0.27345983E+01  0.60698430E+01
  0.27638147E+01  0.60833853E+01
  0.27930311E+01  0.60879096E+01
  0.28216573E+01  0.60854790E+01
  0.28502834E+01  0.60782066E+01
  0.28789095E+01  0.60661510E+01
  0.29075357E+01  0.60494094E+01
  0.29361618E+01  0.60281164E+01
  0.29647879E+01  0.60024435E+01
  0.29934141E+01  0.59725975E+01
  0.30220402E+01  0.59388186E+01
  0.30506663E+01  0.59013787E+01
  0.30792925E+01  0.58605795E+01
  0.31079186E+01  0.58167492E+01
  0.31365447E+01  0.57702409E+01
  0.31651709E+01  0.57214290E+01
  0.31937970E+01  0.56707064E+01
  0.32224231E+01  0.56184816E+01
  0.32510493E+01  0.55651751E+01
  0.32796754E+01  0.55112161E+01
  0.33083015E+01  0.54570389E+01
  0.33369277E+01  0.54030799E+01
  0.33655538E+01  0.53497733E+01
  0.33941799E+01  0.52975486E+01
  0.34228061E+01  0.52468260E+01
  0.34514322E+01  0.51980141E+01
  0.34800583E+01  0.51515058E+01
  0.35086845E+01  0.51076756E+01
  0.35373106E+01  0.50668763E+01
  0.35659367E+01  0.50294365E+01
  0.35945629E+01  0.49956576E+01
  0.36231890E+01  0.49658115E+01
  0.36518151E+01  0.49401387E+01
  0.36804413E+01  0.49188457E+01
  0.37090674E+01  0.49021041E+01
  0.37376935E+01  0.48900485E+01
  0.37663196E+01  0.48827761E+01
  0.37949458E+01  0.48803455E+01
  0.38241622E+01  0.48730658E+01
  0.38533786E+01  0.48513243E+01
  0.38825951E+01  0.48154134E+01
  0.39118115E+01  0.47658209E+01
  0.39410279E+01  0.47032298E+01
  0.39702443E+01  0.46285191E+01
  0.39994608E+01  0.45427634E+01
  0.40286772E+01  0.44472337E+01
  0.40578936E+01  0.43433955E+01
  0.40871100E+01  0.42329069E+01
  0.41163264E+01  0.41176120E+01
  0.41455429E+01  0.39995300E+01
  0.41747593E+01  0.38808344E+01
  0.42039757E+01  0.37638212E+01
  0.42331921E+01  0.36508588E+01
  0.42624086E+01  0.35443189E+01
  0.42916250E+01  0.34464859E+01
  0.43208414E+01  0.33594491E+01
  0.43500578E+01  0.32849886E+01
  0.43792743E+01  0.32244710E+01
  0.44084907E+01  0.31787737E+01
  0.44377071E+01  0.31482544E+01
  0.44669235E+01  0.31327711E+01
  0.44961400E+01  0.31317474E+01
  0.45253564E+01  0.31442675E+01
  0.45545728E+01  0.31691812E+01
  0.45837892E+01  0.32052039E+01
  0.46130057E+01  0.32509986E+01
  0.46419284E+01  0.32507835E+01
  0.46708512E+01  0.32501432E+01
  0.46997740E+01  0.32490933E+01
  0.47286968E+01  0.32476591E+01
  0.47576196E+01  0.32458752E+01
  0.47865424E+01  0.32437847E+01
  0.48154652E+01  0.32414385E+01
  0.48443879E+01  0.32388937E+01
  0.48733107E+01  0.32362122E+01
  0.49022335E+01  0.32334599E+01
  0.49311563E+01  0.32307044E+01
  0.49600791E+01  0.32280135E+01
  0.49890019E+01  0.32254540E+01
  0.50179246E+01  0.32230894E+01
  0.50468474E+01  0.32209785E+01
  0.50757702E+01  0.32191741E+01
  0.51046930E+01  0.32177215E+01
  0.51336158E+01  0.32166569E+01
  0.51625386E+01  0.32160073E+01
  0.51914614E+01  0.32157889E+01
  
  0.00000000E+00  0.60879096E+01
  0.28922784E-01  0.60834756E+01
  0.57845569E-01  0.60702009E+01
  0.86768353E-01  0.60481678E+01
  0.11569114E+00  0.60175129E+01
  0.14461392E+00  0.59784259E+01
  0.17353671E+00  0.59311489E+01
  0.20245949E+00  0.58759747E+01
  0.23138228E+00  0.58132450E+01
  0.26030506E+00  0.57433480E+01
  0.28922784E+00  0.56667162E+01
  0.31815063E+00  0.55838239E+01
  0.34707341E+00  0.54951837E+01
  0.37599620E+00  0.54013438E+01
  0.40491898E+00  0.53028844E+01
  0.43384177E+00  0.52004138E+01
  0.46276455E+00  0.50945651E+01
  0.49168734E+00  0.49859920E+01
  0.52061012E+00  0.48753648E+01
  0.54953290E+00  0.47633662E+01
  0.57845569E+00  0.46506871E+01
  0.60737847E+00  0.45380222E+01
  0.63630126E+00  0.44260662E+01
  0.66522404E+00  0.43155088E+01
  0.69414683E+00  0.42070310E+01
  0.72306961E+00  0.41013008E+01
  0.75199240E+00  0.39989689E+01
  0.78091518E+00  0.39006649E+01
  0.80983796E+00  0.38069935E+01
  0.83876075E+00  0.37185307E+01
  0.86768353E+00  0.36358202E+01
  0.89660632E+00  0.35593702E+01
  0.92552910E+00  0.34896505E+01
  0.95445189E+00  0.34270893E+01
  0.98337467E+00  0.33720706E+01
  0.10122975E+01  0.33249323E+01
  0.10412202E+01  0.32859637E+01
  0.10701430E+01  0.32554041E+01
  0.10990658E+01  0.32334408E+01
  0.11279886E+01  0.32202087E+01
  0.11569114E+01  0.32157889E+01
  0.11861278E+01  0.32187701E+01
  0.12153442E+01  0.32276976E+01
  0.12445607E+01  0.32425228E+01
  0.12737771E+01  0.32631656E+01
  0.13029935E+01  0.32895145E+01
  0.13322099E+01  0.33214280E+01
  0.13614263E+01  0.33587352E+01
  0.13906428E+01  0.34012380E+01
  0.14198592E+01  0.34487120E+01
  0.14490756E+01  0.35009089E+01
  0.14782920E+01  0.35575582E+01
  0.15075085E+01  0.36183694E+01
  0.15367249E+01  0.36830346E+01
  0.15659413E+01  0.37512305E+01
  0.15659413E+01  0.37512305E+01
  0.15951577E+01  0.38226214E+01
  0.16243742E+01  0.38968614E+01
  0.16535906E+01  0.39735973E+01
  0.16828070E+01  0.40524709E+01
  0.17120234E+01  0.41331218E+01
  0.17412399E+01  0.42151901E+01
  0.17704563E+01  0.42983185E+01
  0.17996727E+01  0.43821550E+01
  0.18288891E+01  0.44663547E+01
  0.18581056E+01  0.45505826E+01
  0.18873220E+01  0.46345149E+01
  0.19165384E+01  0.47178410E+01
  0.19457548E+01  0.48002652E+01
  0.19749713E+01  0.48815078E+01
  0.20041877E+01  0.49613063E+01
  0.20334041E+01  0.50394165E+01
  0.20626205E+01  0.51156130E+01
  0.20918370E+01  0.51896896E+01
  0.21210534E+01  0.52614597E+01
  0.21502698E+01  0.53307563E+01
  0.21794862E+01  0.53974316E+01
  0.22087027E+01  0.54613566E+01
  0.22379191E+01  0.55224209E+01
  0.22671355E+01  0.55805312E+01
  0.22963519E+01  0.56356111E+01
  0.23255683E+01  0.56875994E+01
  0.23547848E+01  0.57364492E+01
  0.23840012E+01  0.57821265E+01
  0.24132176E+01  0.58246089E+01
  0.24424340E+01  0.58638838E+01
  0.24716505E+01  0.58999474E+01
  0.25008669E+01  0.59328030E+01
  0.25300833E+01  0.59624593E+01
  0.25592997E+01  0.59889293E+01
  0.25885162E+01  0.60122287E+01
  0.26177326E+01  0.60323748E+01
  0.26469490E+01  0.60493851E+01
  0.26761654E+01  0.60632763E+01
  0.27053819E+01  0.60740634E+01
  0.27345983E+01  0.60817590E+01
  0.27638147E+01  0.60863725E+01
  0.27930311E+01  0.60879096E+01
  0.28216573E+01  0.60854790E+01
  0.28502834E+01  0.60782066E+01
  0.28789095E+01  0.60661511E+01
  0.29075357E+01  0.60494094E+01
  0.29361618E+01  0.60281164E+01
  0.29647879E+01  0.60024436E+01
  0.29934141E+01  0.59725975E+01
  0.30220402E+01  0.59388186E+01
  0.30506663E+01  0.59013788E+01
  0.30792925E+01  0.58605796E+01
  0.31079186E+01  0.58167493E+01
  0.31365447E+01  0.57702410E+01
  0.31651709E+01  0.57214291E+01
  0.31937970E+01  0.56707065E+01
  0.32224231E+01  0.56184818E+01
  0.32510493E+01  0.55651752E+01
  0.32796754E+01  0.55112162E+01
  0.33083015E+01  0.54570390E+01
  0.33369277E+01  0.54030800E+01
  0.33655538E+01  0.53497735E+01
  0.33941799E+01  0.52975487E+01
  0.34228061E+01  0.52468261E+01
  0.34514322E+01  0.51980142E+01
  0.34800583E+01  0.51515059E+01
  0.35086845E+01  0.51076756E+01
  0.35373106E+01  0.50668764E+01
  0.35659367E+01  0.50294365E+01
  0.35945629E+01  0.49956576E+01
  0.36231890E+01  0.49658116E+01
  0.36518151E+01  0.49401387E+01
  0.36804413E+01  0.49188458E+01
  0.37090674E+01  0.49021041E+01
  0.37376935E+01  0.48900485E+01
  0.37663196E+01  0.48827762E+01
  0.37949458E+01  0.48803455E+01
  0.38241622E+01  0.48770981E+01
  0.38533786E+01  0.48673755E+01
  0.38825951E+01  0.48512367E+01
  0.39118115E+01  0.48287797E+01
  0.39410279E+01  0.48001403E+01
  0.39702443E+01  0.47654912E+01
  0.39994608E+01  0.47250410E+01
  0.40286772E+01  0.46790326E+01
  0.40578936E+01  0.46277418E+01
  0.40871100E+01  0.45714759E+01
  0.41163264E+01  0.45105726E+01
  0.41455429E+01  0.44453990E+01
  0.41747593E+01  0.43763511E+01
  0.42039757E+01  0.43038534E+01
  0.42331921E+01  0.42283596E+01
  0.42624086E+01  0.41503535E+01
  0.42916250E+01  0.40703510E+01
  0.43208414E+01  0.39889030E+01
  0.43500578E+01  0.39065988E+01
  0.43792743E+01  0.38240706E+01
  0.44084907E+01  0.37419998E+01
  0.44377071E+01  0.36611229E+01
  0.44669235E+01  0.35822392E+01
  0.44961400E+01  0.35062187E+01
  0.45253564E+01  0.34340090E+01
  0.45545728E+01  0.33666422E+01
  0.45837892E+01  0.33052374E+01
  0.46130057E+01  0.32509986E+01
  0.46419284E+01  0.32507835E+01
  0.46708512E+01  0.32501433E+01
  0.46997740E+01  0.32490934E+01
  0.47286968E+01  0.32476591E+01
  0.47576196E+01  0.32458752E+01
  0.47865424E+01  0.32437848E+01
  0.48154652E+01  0.32414386E+01
  0.48443879E+01  0.32388937E+01
  0.48733107E+01  0.32362122E+01
  0.49022335E+01  0.32334599E+01
  0.49311563E+01  0.32307044E+01
  0.49600791E+01  0.32280135E+01
  0.49890019E+01  0.32254540E+01
  0.50179246E+01  0.32230894E+01
  0.50468474E+01  0.32209785E+01
  0.50757702E+01  0.32191741E+01
  0.51046930E+01  0.32177215E+01
  0.51336158E+01  0.32166569E+01
  0.51625386E+01  0.32160073E+01
  0.51914614E+01  0.32157889E+01
  
