  0.00000000E+00  0.87374220E+01
  0.28922784E-01  0.87332232E+01
  0.57845569E-01  0.87206453E+01
  0.86768353E-01  0.86997467E+01
  0.11569114E+00  0.86706255E+01
  0.14461392E+00  0.86334214E+01
  0.17353671E+00  0.85883183E+01
  0.20245949E+00  0.85355463E+01
  0.23138227E+00  0.84753851E+01
  0.26030506E+00  0.84081670E+01
  0.28922784E+00  0.83342800E+01
  0.31815063E+00  0.82541706E+01
  0.34707341E+00  0.81683460E+01
  0.37599620E+00  0.80773763E+01
  0.40491898E+00  0.79818950E+01
  0.43384176E+00  0.78825995E+01
  0.46276455E+00  0.77802493E+01
  0.49168733E+00  0.76756643E+01
  0.52061012E+00  0.75697203E+01
  0.54953290E+00  0.74633443E+01
  0.57845569E+00  0.73575075E+01
  0.60737847E+00  0.72532173E+01
  0.63630126E+00  0.71515078E+01
  0.66522404E+00  0.70534286E+01
  0.69414682E+00  0.69600333E+01
  0.72306961E+00  0.68723662E+01
  0.75199239E+00  0.67914483E+01
  0.78091518E+00  0.67182634E+01
  0.80983796E+00  0.66537431E+01
  0.83876075E+00  0.65987527E+01
  0.86768353E+00  0.65540762E+01
  0.89660631E+00  0.65204032E+01
  0.92552910E+00  0.64983160E+01
  0.95445188E+00  0.64882780E+01
  0.98337467E+00  0.64906239E+01
  0.10122975E+01  0.65055514E+01
  0.10412202E+01  0.65331151E+01
  0.10701430E+01  0.65732225E+01
  0.10990658E+01  0.66256325E+01
  0.11279886E+01  0.66899560E+01
  0.11569114E+01  0.67656597E+01
  0.11861278E+01  0.67652672E+01
  0.12153442E+01  0.67641775E+01
  0.12445606E+01  0.67626492E+01
  0.12737771E+01  0.67610945E+01
  0.13029935E+01  0.67600532E+01
  0.13322099E+01  0.67601608E+01
  0.13614263E+01  0.67621118E+01
  0.13906428E+01  0.67666241E+01
  0.14198592E+01  0.67744038E+01
  0.14490756E+01  0.67861153E+01
  0.14782920E+01  0.68023553E+01
  0.15075085E+01  0.68236336E+01
  0.15367249E+01  0.68503589E+01
  0.15659413E+01  0.68828303E+01
  0.15659413E+01  0.68828272E+01
  0.15951577E+01  0.69212301E+01
  0.16243742E+01  0.69656377E+01
  0.16535906E+01  0.70160133E+01
  0.16828070E+01  0.70722176E+01
  0.17120234E+01  0.71340166E+01
  0.17412399E+01  0.72010920E+01
  0.17704563E+01  0.72730513E+01
  0.17996727E+01  0.73494397E+01
  0.18288891E+01  0.74297512E+01
  0.18581056E+01  0.75134406E+01
  0.18873220E+01  0.75999337E+01
  0.19165384E+01  0.76886388E+01
  0.19457548E+01  0.77789560E+01
  0.19749713E+01  0.78702865E+01
  0.20041877E+01  0.79620409E+01
  0.20334041E+01  0.80536465E+01
  0.20626205E+01  0.81445531E+01
  0.20918369E+01  0.82342385E+01
  0.21210534E+01  0.83222125E+01
  0.21502698E+01  0.84080194E+01
  0.21794862E+01  0.84912394E+01
  0.22087026E+01  0.85714890E+01
  0.22379191E+01  0.86484191E+01
  0.22671355E+01  0.87217115E+01
  0.22963519E+01  0.87910729E+01
  0.23255683E+01  0.88562247E+01
  0.23547848E+01  0.89168880E+01
  0.23840012E+01  0.89727584E+01
  0.24132176E+01  0.90234645E+01
  0.24424340E+01  0.90684951E+01
  0.24716505E+01  0.91070635E+01
  0.25008669E+01  0.90854495E+01
  0.25300833E+01  0.90178815E+01
  0.25592997E+01  0.89579647E+01
  0.25885162E+01  0.89055411E+01
  0.26177326E+01  0.88604588E+01
  0.26469490E+01  0.88225766E+01
  0.26761654E+01  0.87917676E+01
  0.27053819E+01  0.87679235E+01
  0.27345983E+01  0.87509565E+01
  0.27638147E+01  0.87408024E+01
  0.27930311E+01  0.87374220E+01
  0.28216573E+01  0.87439287E+01
  0.28502834E+01  0.87633967E+01
  0.28789095E+01  0.87956694E+01
  0.29075357E+01  0.88404869E+01
  0.29361618E+01  0.88974882E+01
  0.29647879E+01  0.89515367E+01
  0.29934141E+01  0.89733106E+01
  0.30220402E+01  0.89739770E+01
  0.30506663E+01  0.89561621E+01
  0.30792925E+01  0.89240700E+01
  0.31079186E+01  0.88813190E+01
  0.31365447E+01  0.88305628E+01
  0.31651709E+01  0.87737154E+01
  0.31937970E+01  0.87122136E+01
  0.32224231E+01  0.86472018E+01
  0.32510492E+01  0.85796441E+01
  0.32796754E+01  0.85103920E+01
  0.33083015E+01  0.84402227E+01
  0.33369276E+01  0.83698618E+01
  0.33655538E+01  0.82999954E+01
  0.33941799E+01  0.82312770E+01
  0.34228060E+01  0.81643302E+01
  0.34514322E+01  0.80997486E+01
  0.34800583E+01  0.80380956E+01
  0.35086844E+01  0.79799022E+01
  0.35373106E+01  0.79256647E+01
  0.35659367E+01  0.78758423E+01
  0.35945628E+01  0.78308543E+01
  0.36231890E+01  0.77910776E+01
  0.36518151E+01  0.77568443E+01
  0.36804412E+01  0.77284392E+01
  0.37090674E+01  0.77060985E+01
  0.37376935E+01  0.76900074E+01
  0.37663196E+01  0.76802993E+01
  0.37949458E+01  0.76770543E+01
  0.38241622E+01  0.76759514E+01
  0.38533786E+01  0.76726023E+01
  0.38825950E+01  0.76668947E+01
  0.39118115E+01  0.76586637E+01
  0.39410279E+01  0.76477233E+01
  0.39702443E+01  0.76339035E+01
  0.39994607E+01  0.76170885E+01
  0.40286772E+01  0.75972523E+01
  0.40578936E+01  0.75744863E+01
  0.40871100E+01  0.75490177E+01
  0.41163264E+01  0.75212173E+01
  0.41455429E+01  0.74915970E+01
  0.41747593E+01  0.74607993E+01
  0.42039757E+01  0.74295809E+01
  0.42331921E+01  0.73987925E+01
  0.42624086E+01  0.73693568E+01
  0.42916250E+01  0.73422459E+01
  0.43208414E+01  0.73184606E+01
  0.43500578E+01  0.72990100E+01
  0.43792743E+01  0.72848939E+01
  0.44084907E+01  0.72770864E+01
  0.44377071E+01  0.72765218E+01
  0.44669235E+01  0.72840822E+01
  0.44961399E+01  0.73005866E+01
  0.45253564E+01  0.73267816E+01
  0.45545728E+01  0.73633335E+01
  0.45837892E+01  0.74108207E+01
  0.46130056E+01  0.74691845E+01
  0.46419284E+01  0.74647277E+01
  0.46708512E+01  0.74514770E+01
  0.46997740E+01  0.74297881E+01
  0.47286968E+01  0.74002399E+01
  0.47576196E+01  0.73636155E+01
  0.47865424E+01  0.73208769E+01
  0.48154651E+01  0.72731346E+01
  0.48443879E+01  0.72216144E+01
  0.48733107E+01  0.71676223E+01
  0.49022335E+01  0.71125093E+01
  0.49311563E+01  0.70576360E+01
  0.49600791E+01  0.70043399E+01
  0.49890018E+01  0.69539042E+01
  0.50179246E+01  0.69075294E+01
  0.50468474E+01  0.68663080E+01
  0.50757702E+01  0.68312022E+01
  0.51046930E+01  0.68030251E+01
  0.51336158E+01  0.67824252E+01
  0.51625385E+01  0.67698746E+01
  0.51914613E+01  0.67656597E+01
  
  0.00000000E+00  0.87374220E+01
  0.28922784E-01  0.87507297E+01
  0.57845569E-01  0.87905394E+01
  0.86768353E-01  0.88565104E+01
  0.11569114E+00  0.89480799E+01
  0.14461392E+00  0.90644703E+01
  0.17353671E+00  0.92046991E+01
  0.20245949E+00  0.93675917E+01
  0.23138227E+00  0.95000864E+01
  0.26030506E+00  0.94960781E+01
  0.28922784E+00  0.94888103E+01
  0.31815063E+00  0.94775239E+01
  0.34707341E+00  0.94614620E+01
  0.37599620E+00  0.94398897E+01
  0.40491898E+00  0.94121136E+01
  0.43384176E+00  0.93775012E+01
  0.46276455E+00  0.93354981E+01
  0.49168733E+00  0.92856448E+01
  0.52061012E+00  0.92275915E+01
  0.54953290E+00  0.91611103E+01
  0.57845569E+00  0.90861051E+01
  0.60737847E+00  0.90026196E+01
  0.63630126E+00  0.89108414E+01
  0.66522404E+00  0.88111041E+01
  0.69414682E+00  0.87038860E+01
  0.72306961E+00  0.85898057E+01
  0.75199239E+00  0.84696157E+01
  0.78091518E+00  0.83441923E+01
  0.80983796E+00  0.82145238E+01
  0.83876075E+00  0.80816957E+01
  0.86768353E+00  0.79468749E+01
  0.89660631E+00  0.78112917E+01
  0.92552910E+00  0.76762203E+01
  0.95445188E+00  0.75429593E+01
  0.98337467E+00  0.74128111E+01
  0.10122975E+01  0.72870611E+01
  0.10412202E+01  0.71669584E+01
  0.10701430E+01  0.70536957E+01
  0.10990658E+01  0.69483912E+01
  0.11279886E+01  0.68520722E+01
  0.11569114E+01  0.67656597E+01
  0.11861278E+01  0.67746778E+01
  0.12153442E+01  0.68016335E+01
  0.12445606E+01  0.68462315E+01
  0.12737771E+01  0.69079840E+01
  0.13029935E+01  0.69862160E+01
  0.13322099E+01  0.70800740E+01
  0.13614263E+01  0.71885360E+01
  0.13906428E+01  0.73104240E+01
  0.14198592E+01  0.74444182E+01
  0.14490756E+01  0.75890729E+01
  0.14782920E+01  0.77428338E+01
  0.15075085E+01  0.79040571E+01
  0.15367249E+01  0.80710288E+01
  0.15659413E+01  0.82419855E+01
  0.15659413E+01  0.82419949E+01
  0.15951577E+01  0.84151461E+01
  0.16243742E+01  0.85886922E+01
  0.16535906E+01  0.87608490E+01
  0.16828070E+01  0.89298683E+01
  0.17120234E+01  0.90940581E+01
  0.17412399E+01  0.92518028E+01
  0.17704563E+01  0.94015818E+01
  0.17996727E+01  0.95419877E+01
  0.18288891E+01  0.96717418E+01
  0.18581056E+01  0.97897093E+01
  0.18873220E+01  0.98949115E+01
  0.19165384E+01  0.99865369E+01
  0.19457548E+01  0.10063950E+02
  0.19749713E+01  0.10126696E+02
  0.20041877E+01  0.10174507E+02
  0.20334041E+01  0.10207304E+02
  0.20626205E+01  0.10225194E+02
  0.20918369E+01  0.10228468E+02
  0.21210534E+01  0.10217596E+02
  0.21502698E+01  0.10193220E+02
  0.21794862E+01  0.10156143E+02
  0.22087026E+01  0.10107319E+02
  0.22379191E+01  0.10047837E+02
  0.22671355E+01  0.99183385E+01
  0.22963519E+01  0.97848523E+01
  0.23255683E+01  0.96598714E+01
  0.23547848E+01  0.95433807E+01
  0.23840012E+01  0.94353278E+01
  0.24132176E+01  0.93356285E+01
  0.24424340E+01  0.92441723E+01
  0.24716505E+01  0.91608280E+01
  0.25008669E+01  0.91378422E+01
  0.25300833E+01  0.91584097E+01
  0.25592997E+01  0.90869211E+01
  0.25885162E+01  0.90102085E+01
  0.26177326E+01  0.89411891E+01
  0.26469490E+01  0.88809177E+01
  0.26761654E+01  0.88303109E+01
  0.27053819E+01  0.87901353E+01
  0.27345983E+01  0.87609980E+01
  0.27638147E+01  0.87433383E+01
  0.27930311E+01  0.87374220E+01
  0.28216573E+01  0.87439292E+01
  0.28502834E+01  0.87633978E+01
  0.28789095E+01  0.87956709E+01
  0.29075357E+01  0.88404888E+01
  0.29361618E+01  0.88974906E+01
  0.29647879E+01  0.89662146E+01
  0.29934141E+01  0.90461126E+01
  0.30220402E+01  0.91365389E+01
  0.30506663E+01  0.92367655E+01
  0.30792925E+01  0.93459855E+01
  0.31079186E+01  0.94633193E+01
  0.31365447E+01  0.95878223E+01
  0.31651709E+01  0.97184922E+01
  0.31937970E+01  0.98542767E+01
  0.32224231E+01  0.99940827E+01
  0.32510492E+01  0.10136785E+02
  0.32796754E+01  0.10281233E+02
  0.33083015E+01  0.10426266E+02
  0.33369276E+01  0.10570714E+02
  0.33655538E+01  0.10713416E+02
  0.33941799E+01  0.10853222E+02
  0.34228060E+01  0.10989006E+02
  0.34514322E+01  0.11119676E+02
  0.34800583E+01  0.11244179E+02
  0.35086844E+01  0.11361513E+02
  0.35373106E+01  0.11470732E+02
  0.35659367E+01  0.11570959E+02
  0.35945628E+01  0.11661385E+02
  0.36231890E+01  0.11741283E+02
  0.36518151E+01  0.11810009E+02
  0.36804412E+01  0.11867010E+02
  0.37090674E+01  0.11911827E+02
  0.37376935E+01  0.11944100E+02
  0.37663196E+01  0.11963568E+02
  0.37949458E+01  0.11970074E+02
  0.38241622E+01  0.11946684E+02
  0.38533786E+01  0.11878324E+02
  0.38825950E+01  0.11769920E+02
  0.39118115E+01  0.11628054E+02
  0.39410279E+01  0.11459604E+02
  0.39702443E+01  0.11270883E+02
  0.39994607E+01  0.11067297E+02
  0.40286772E+01  0.10853330E+02
  0.40578936E+01  0.10632668E+02
  0.40871100E+01  0.10408350E+02
  0.41163264E+01  0.10182909E+02
  0.41455429E+01  0.99584880E+01
  0.41747593E+01  0.97369206E+01
  0.42039757E+01  0.95197957E+01
  0.42331921E+01  0.93085009E+01
  0.42624086E+01  0.91042530E+01
  0.42916250E+01  0.89081205E+01
  0.43208414E+01  0.87210374E+01
  0.43500578E+01  0.85438136E+01
  0.43792743E+01  0.83771409E+01
  0.44084907E+01  0.82215969E+01
  0.44377071E+01  0.80776478E+01
  0.44669235E+01  0.79456491E+01
  0.44961399E+01  0.78258470E+01
  0.45253564E+01  0.77183786E+01
  0.45545728E+01  0.76232728E+01
  0.45837892E+01  0.75404519E+01
  0.46130056E+01  0.74702765E+01
  0.46419284E+01  0.74658123E+01
  0.46708512E+01  0.74525399E+01
  0.46997740E+01  0.74308155E+01
  0.47286968E+01  0.74012193E+01
  0.47576196E+01  0.73645357E+01
  0.47865424E+01  0.73217287E+01
  0.48154651E+01  0.72739106E+01
  0.48443879E+01  0.72223093E+01
  0.48733107E+01  0.71682331E+01
  0.49022335E+01  0.71130350E+01
  0.49311563E+01  0.70580778E+01
  0.49600791E+01  0.70047009E+01
  0.49890018E+01  0.69541892E+01
  0.50179246E+01  0.69077450E+01
  0.50468474E+01  0.68664621E+01
  0.50757702E+01  0.68313039E+01
  0.51046930E+01  0.68030845E+01
  0.51336158E+01  0.67824534E+01
  0.51625385E+01  0.67698828E+01
  0.51914613E+01  0.67656597E+01
  
  0.00000000E+00  0.87374220E+01
  0.28922784E-01  0.87507298E+01
  0.57845569E-01  0.87905396E+01
  0.86768353E-01  0.88565106E+01
  0.11569114E+00  0.89480802E+01
  0.14461392E+00  0.90644707E+01
  0.17353671E+00  0.92046996E+01
  0.20245949E+00  0.93675924E+01
  0.23138227E+00  0.95517961E+01
  0.26030506E+00  0.97557999E+01
  0.28922784E+00  0.99779487E+01
  0.31815063E+00  0.10216467E+02
  0.34707341E+00  0.10469476E+02
  0.37599620E+00  0.10735021E+02
  0.40491898E+00  0.11011088E+02
  0.43384176E+00  0.11295626E+02
  0.46276455E+00  0.11586572E+02
  0.49168733E+00  0.11881866E+02
  0.52061012E+00  0.12179476E+02
  0.54953290E+00  0.12477410E+02
  0.57845569E+00  0.12773736E+02
  0.60737847E+00  0.13066595E+02
  0.63630126E+00  0.13354214E+02
  0.66522404E+00  0.13634914E+02
  0.69414682E+00  0.13907121E+02
  0.72306961E+00  0.14169370E+02
  0.75199239E+00  0.14420309E+02
  0.78091518E+00  0.14658701E+02
  0.80983796E+00  0.14883423E+02
  0.83876075E+00  0.15093468E+02
  0.86768353E+00  0.15287936E+02
  0.89660631E+00  0.15466035E+02
  0.92552910E+00  0.15627073E+02
  0.95445188E+00  0.15770455E+02
  0.98337467E+00  0.15895673E+02
  0.10122975E+01  0.16002303E+02
  0.10412202E+01  0.16089997E+02
  0.10701430E+01  0.16158479E+02
  0.10990658E+01  0.16207541E+02
  0.11279886E+01  0.16237036E+02
  0.11569114E+01  0.16246878E+02
  0.11861278E+01  0.16238444E+02
  0.12153442E+01  0.16213194E+02
  0.12445606E+01  0.16171278E+02
  0.12737771E+01  0.16112946E+02
  0.13029935E+01  0.16038543E+02
  0.13322099E+01  0.15948509E+02
  0.13614263E+01  0.15843374E+02
  0.13906428E+01  0.15723751E+02
  0.14198592E+01  0.15590334E+02
  0.14490756E+01  0.15443888E+02
  0.14782920E+01  0.15285247E+02
  0.15075085E+01  0.15115303E+02
  0.15367249E+01  0.14934997E+02
  0.15659413E+01  0.14745317E+02
  0.15659413E+01  0.14745315E+02
  0.15951577E+01  0.14547281E+02
  0.16243742E+01  0.14341941E+02
  0.16535906E+01  0.14130359E+02
  0.16828070E+01  0.13913610E+02
  0.17120234E+01  0.13692768E+02
  0.17412399E+01  0.13468900E+02
  0.17704563E+01  0.13243057E+02
  0.17996727E+01  0.13016267E+02
  0.18288891E+01  0.12789525E+02
  0.18581056E+01  0.12563791E+02
  0.18873220E+01  0.12339982E+02
  0.19165384E+01  0.12118963E+02
  0.19457548E+01  0.11901548E+02
  0.19749713E+01  0.11688492E+02
  0.20041877E+01  0.11480489E+02
  0.20334041E+01  0.11278171E+02
  0.20626205E+01  0.11082101E+02
  0.20918369E+01  0.10892780E+02
  0.21210534E+01  0.10710641E+02
  0.21502698E+01  0.10536051E+02
  0.21794862E+01  0.10369313E+02
  0.22087026E+01  0.10210670E+02
  0.22379191E+01  0.10060303E+02
  0.22671355E+01  0.99789097E+01
  0.22963519E+01  0.99018519E+01
  0.23255683E+01  0.98180666E+01
  0.23547848E+01  0.97290240E+01
  0.23840012E+01  0.96362424E+01
  0.24132176E+01  0.95412674E+01
  0.24424340E+01  0.94456517E+01
  0.24716505E+01  0.93509342E+01
  0.25008669E+01  0.92586203E+01
  0.25300833E+01  0.91701817E+01
  0.25592997E+01  0.91643625E+01
  0.25885162E+01  0.91479039E+01
  0.26177326E+01  0.91004801E+01
  0.26469490E+01  0.90240188E+01
  0.26761654E+01  0.89358066E+01
  0.27053819E+01  0.88543010E+01
  0.27345983E+01  0.87907821E+01
  0.27638147E+01  0.87509514E+01
  0.27930311E+01  0.87374220E+01
  0.28216573E+01  0.87463093E+01
  0.28502834E+01  0.87721444E+01
  0.28789095E+01  0.88122292E+01
  0.29075357E+01  0.88613809E+01
  0.29361618E+01  0.89113194E+01
  0.29647879E+01  0.89662174E+01
  0.29934141E+01  0.90461157E+01
  0.30220402E+01  0.91365425E+01
  0.30506663E+01  0.92367695E+01
  0.30792925E+01  0.93459898E+01
  0.31079186E+01  0.94633240E+01
  0.31365447E+01  0.95878275E+01
  0.31651709E+01  0.97184978E+01
  0.31937970E+01  0.98542828E+01
  0.32224231E+01  0.99940893E+01
  0.32510492E+01  0.10136792E+02
  0.32796754E+01  0.10281241E+02
  0.33083015E+01  0.10426274E+02
  0.33369276E+01  0.10570723E+02
  0.33655538E+01  0.10713426E+02
  0.33941799E+01  0.10853232E+02
  0.34228060E+01  0.10989017E+02
  0.34514322E+01  0.11119688E+02
  0.34800583E+01  0.11244191E+02
  0.35086844E+01  0.11361525E+02
  0.35373106E+01  0.11470746E+02
  0.35659367E+01  0.11570973E+02
  0.35945628E+01  0.11661399E+02
  0.36231890E+01  0.11741298E+02
  0.36518151E+01  0.11810024E+02
  0.36804412E+01  0.11867026E+02
  0.37090674E+01  0.11911844E+02
  0.37376935E+01  0.11944117E+02
  0.37663196E+01  0.11963585E+02
  0.37949458E+01  0.11970092E+02
  0.38241622E+01  0.11977623E+02
  0.38533786E+01  0.12000260E+02
  0.38825950E+01  0.12038030E+02
  0.39118115E+01  0.12090974E+02
  0.39410279E+01  0.12159103E+02
  0.39702443E+01  0.12242366E+02
  0.39994607E+01  0.12340610E+02
  0.40286772E+01  0.12453547E+02
  0.40578936E+01  0.12580728E+02
  0.40871100E+01  0.12721527E+02
  0.41163264E+01  0.12875135E+02
  0.41455429E+01  0.13040563E+02
  0.41747593E+01  0.13216659E+02
  0.42039757E+01  0.13402124E+02
  0.42331921E+01  0.13595534E+02
  0.42624086E+01  0.13795370E+02
  0.42916250E+01  0.14000038E+02
  0.43208414E+01  0.14207895E+02
  0.43500578E+01  0.14417272E+02
  0.43792743E+01  0.14626498E+02
  0.44084907E+01  0.14833912E+02
  0.44377071E+01  0.15037889E+02
  0.44669235E+01  0.15236848E+02
  0.44961399E+01  0.15429271E+02
  0.45253564E+01  0.15613711E+02
  0.45545728E+01  0.15788806E+02
  0.45837892E+01  0.15953288E+02
  0.46130056E+01  0.16105446E+02
  0.46419284E+01  0.16106444E+02
  0.46708512E+01  0.16109401E+02
  0.46997740E+01  0.16114216E+02
  0.47286968E+01  0.16120724E+02
  0.47576196E+01  0.16128711E+02
  0.47865424E+01  0.16137918E+02
  0.48154651E+01  0.16148061E+02
  0.48443879E+01  0.16158839E+02
  0.48733107E+01  0.16169949E+02
  0.49022335E+01  0.16181096E+02
  0.49311563E+01  0.16192003E+02
  0.49600791E+01  0.16202414E+02
  0.49890018E+01  0.16212102E+02
  0.50179246E+01  0.16220870E+02
  0.50468474E+01  0.16228553E+02
  0.50757702E+01  0.16235014E+02
  0.51046930E+01  0.16240146E+02
  0.51336158E+01  0.16243867E+02
  0.51625385E+01  0.16246122E+02
  0.51914613E+01  0.16246878E+02
  
  0.00000000E+00  0.94921116E+01
  0.28922784E-01  0.94925362E+01
  0.57845569E-01  0.94937498E+01
  0.86768353E-01  0.94955738E+01
  0.11569114E+00  0.94977154E+01
  0.14461392E+00  0.94997751E+01
  0.17353671E+00  0.95012562E+01
  0.20245949E+00  0.95015772E+01
  0.23138227E+00  0.95517970E+01
  0.26030506E+00  0.97558010E+01
  0.28922784E+00  0.99779501E+01
  0.31815063E+00  0.10216468E+02
  0.34707341E+00  0.10469478E+02
  0.37599620E+00  0.10735023E+02
  0.40491898E+00  0.11011090E+02
  0.43384176E+00  0.11295629E+02
  0.46276455E+00  0.11586574E+02
  0.49168733E+00  0.11881869E+02
  0.52061012E+00  0.12179479E+02
  0.54953290E+00  0.12477413E+02
  0.57845569E+00  0.12773739E+02
  0.60737847E+00  0.13066598E+02
  0.63630126E+00  0.13354217E+02
  0.66522404E+00  0.13634917E+02
  0.69414682E+00  0.13907124E+02
  0.72306961E+00  0.14169373E+02
  0.75199239E+00  0.14420312E+02
  0.78091518E+00  0.14658703E+02
  0.80983796E+00  0.14883425E+02
  0.83876075E+00  0.15093470E+02
  0.86768353E+00  0.15287937E+02
  0.89660631E+00  0.15466036E+02
  0.92552910E+00  0.15627075E+02
  0.95445188E+00  0.15770456E+02
  0.98337467E+00  0.15895674E+02
  0.10122975E+01  0.16002303E+02
  0.10412202E+01  0.16089997E+02
  0.10701430E+01  0.16158480E+02
  0.10990658E+01  0.16207542E+02
  0.11279886E+01  0.16237037E+02
  0.11569114E+01  0.16246878E+02
  0.11861278E+01  0.16253762E+02
  0.12153442E+01  0.16274208E+02
  0.12445606E+01  0.16307608E+02
  0.12737771E+01  0.16352973E+02
  0.13029935E+01  0.16408965E+02
  0.13322099E+01  0.16473941E+02
  0.13614263E+01  0.16546004E+02
  0.13906428E+01  0.16623055E+02
  0.14198592E+01  0.16702845E+02
  0.14490756E+01  0.16783028E+02
  0.14782920E+01  0.16861209E+02
  0.15075085E+01  0.16934988E+02
  0.15367249E+01  0.17002000E+02
  0.15659413E+01  0.17059952E+02
  0.15659413E+01  0.17059961E+02
  0.15951577E+01  0.17106661E+02
  0.16243742E+01  0.17140047E+02
  0.16535906E+01  0.17158209E+02
  0.16828070E+01  0.17159416E+02
  0.17120234E+01  0.17142127E+02
  0.17412399E+01  0.17105011E+02
  0.17704563E+01  0.17046961E+02
  0.17996727E+01  0.16967102E+02
  0.18288891E+01  0.16864801E+02
  0.18581056E+01  0.16739675E+02
  0.18873220E+01  0.16591595E+02
  0.19165384E+01  0.16420686E+02
  0.19457548E+01  0.16227330E+02
  0.19749713E+01  0.16012161E+02
  0.20041877E+01  0.15776060E+02
  0.20334041E+01  0.15520152E+02
  0.20626205E+01  0.15245793E+02
  0.20918369E+01  0.14954558E+02
  0.21210534E+01  0.14648234E+02
  0.21502698E+01  0.14328796E+02
  0.21794862E+01  0.13998396E+02
  0.22087026E+01  0.13659346E+02
  0.22379191E+01  0.13314095E+02
  0.22671355E+01  0.12965210E+02
  0.22963519E+01  0.12615362E+02
  0.23255683E+01  0.12267305E+02
  0.23547848E+01  0.11923864E+02
  0.23840012E+01  0.11587934E+02
  0.24132176E+01  0.11262490E+02
  0.24424340E+01  0.10950627E+02
  0.24716505E+01  0.10655672E+02
  0.25008669E+01  0.10381416E+02
  0.25300833E+01  0.10132619E+02
  0.25592997E+01  0.99159842E+01
  0.25885162E+01  0.97412954E+01
  0.26177326E+01  0.96190255E+01
  0.26469490E+01  0.95489288E+01
  0.26761654E+01  0.95151775E+01
  0.27053819E+01  0.95005317E+01
  0.27345983E+01  0.94946739E+01
  0.27638147E+01  0.94925980E+01
  0.27930311E+01  0.94921116E+01
  0.28216573E+01  0.94925926E+01
  0.28502834E+01  0.94947870E+01
  0.28789095E+01  0.95011674E+01
  0.29075357E+01  0.95165424E+01
  0.29361618E+01  0.95486725E+01
  0.29647879E+01  0.96074051E+01
  0.29934141E+01  0.97006657E+01
  0.30220402E+01  0.98301920E+01
  0.30506663E+01  0.99923098E+01
  0.30792925E+01  0.10181653E+02
  0.31079186E+01  0.10393337E+02
  0.31365447E+01  0.10623349E+02
  0.31651709E+01  0.10868330E+02
  0.31937970E+01  0.11125330E+02
  0.32224231E+01  0.11391630E+02
  0.32510492E+01  0.11664645E+02
  0.32796754E+01  0.11941870E+02
  0.33083015E+01  0.12220852E+02
  0.33369276E+01  0.12499186E+02
  0.33655538E+01  0.12774510E+02
  0.33941799E+01  0.13044516E+02
  0.34228060E+01  0.13306962E+02
  0.34514322E+01  0.13559677E+02
  0.34800583E+01  0.13800586E+02
  0.35086844E+01  0.14027713E+02
  0.35373106E+01  0.14239201E+02
  0.35659367E+01  0.14433327E+02
  0.35945628E+01  0.14608508E+02
  0.36231890E+01  0.14763319E+02
  0.36518151E+01  0.14896503E+02
  0.36804412E+01  0.15006977E+02
  0.37090674E+01  0.15093844E+02
  0.37376935E+01  0.15156401E+02
  0.37663196E+01  0.15194139E+02
  0.37949458E+01  0.15206752E+02
  0.38241622E+01  0.15224744E+02
  0.38533786E+01  0.15276892E+02
  0.38825950E+01  0.15358316E+02
  0.39118115E+01  0.15462496E+02
  0.39410279E+01  0.15582639E+02
  0.39702443E+01  0.15712542E+02
  0.39994607E+01  0.15846934E+02
  0.40286772E+01  0.15981490E+02
  0.40578936E+01  0.16112711E+02
  0.40871100E+01  0.16237769E+02
  0.41163264E+01  0.16354366E+02
  0.41455429E+01  0.16460623E+02
  0.41747593E+01  0.16554993E+02
  0.42039757E+01  0.16636204E+02
  0.42331921E+01  0.16703209E+02
  0.42624086E+01  0.16755158E+02
  0.42916250E+01  0.16791377E+02
  0.43208414E+01  0.16811352E+02
  0.43500578E+01  0.16814718E+02
  0.43792743E+01  0.16801256E+02
  0.44084907E+01  0.16770884E+02
  0.44377071E+01  0.16723656E+02
  0.44669235E+01  0.16659760E+02
  0.44961399E+01  0.16579517E+02
  0.45253564E+01  0.16483376E+02
  0.45545728E+01  0.16371918E+02
  0.45837892E+01  0.16245845E+02
  0.46130056E+01  0.16106528E+02
  0.46419284E+01  0.16107518E+02
  0.46708512E+01  0.16110454E+02
  0.46997740E+01  0.16115233E+02
  0.47286968E+01  0.16121694E+02
  0.47576196E+01  0.16129622E+02
  0.47865424E+01  0.16138761E+02
  0.48154651E+01  0.16148828E+02
  0.48443879E+01  0.16159525E+02
  0.48733107E+01  0.16170552E+02
  0.49022335E+01  0.16181615E+02
  0.49311563E+01  0.16192438E+02
  0.49600791E+01  0.16202769E+02
  0.49890018E+01  0.16212382E+02
  0.50179246E+01  0.16221081E+02
  0.50468474E+01  0.16228703E+02
  0.50757702E+01  0.16235113E+02
  0.51046930E+01  0.16240203E+02
  0.51336158E+01  0.16243893E+02
  0.51625385E+01  0.16246129E+02
  0.51914613E+01  0.16246878E+02
  
