    0.0000   -6.7693
    0.1000   -6.7444
    0.2000   -6.6661
    0.3000   -6.5245
    0.4000   -6.3050
    0.5000   -5.9907
    0.6000   -5.5657
    0.7000   -5.0178
    0.8000   -4.3416
    0.9000   -3.5400
    1.0000   -2.6259
    1.0354   -2.6307
    1.0707   -2.6451
    1.1061   -2.6699
    1.1414   -2.7058
    1.1768   -2.7540
    1.2121   -2.8159
    1.2475   -2.8925
    1.2828   -2.9851
    1.3182   -3.0943
    1.3536   -3.2203
    1.3536   -3.2203
    1.4596   -3.6914
    1.5657   -4.2615
    1.6718   -4.8577
    1.7778   -5.4113
    1.8839   -5.8768
    1.9899   -6.2353
    2.0960   -6.4891
    2.2021   -6.6521
    2.3081   -6.7412
    2.4142   -6.7693
    2.5008   -6.7507
    2.5874   -6.6925
    2.6740   -6.5883
    2.7606   -6.4287
    2.8472   -6.2023
    2.9338   -5.8994
    3.0204   -5.5169
    3.1070   -5.0719
    3.1936   -4.6393
    3.2802   -4.4309
    3.3509   -4.4181
    3.4217   -4.3785
    3.4924   -4.3087
    3.5631   -4.2036
    3.6338   -4.0573
    3.7045   -3.8648
    3.7752   -3.6234
    3.8459   -3.3353
    3.9166   -3.0092
    3.9873   -2.6634
    4.0373   -2.6625
    4.0873   -2.6599
    4.1373   -2.6557
    4.1873   -2.6505
    4.2373   -2.6447
    4.2873   -2.6389
    4.3373   -2.6337
    4.3873   -2.6295
    4.4373   -2.6268
    4.4873   -2.6259
 
    0.0000    5.2100
    0.1000    5.0944
    0.2000    4.7533
    0.3000    4.2026
    0.4000    3.4678
    0.5000    2.5828
    0.6000    1.5875
    0.7000    0.5255
    0.8000   -0.5584
    0.9000   -1.6216
    1.0000   -2.6259
    1.0354   -2.6221
    1.0707   -2.6105
    1.1061   -2.5907
    1.1414   -2.5622
    1.1768   -2.5241
    1.2121   -2.4753
    1.2475   -2.4147
    1.2828   -2.3410
    1.3182   -2.2529
    1.3536   -2.1489
    1.3536   -2.1489
    1.4596   -1.7301
    1.5657   -1.1318
    1.6718   -0.3483
    1.7778    0.5966
    1.8839    1.6466
    1.9899    2.7171
    2.0960    3.7056
    2.2021    4.5065
    2.3081    5.0286
    2.4142    5.2100
    2.5008    5.0769
    2.5874    4.6865
    2.6740    4.0651
    2.7606    3.2537
    2.8472    2.3048
    2.9338    1.2793
    3.0204    0.2451
    3.1070   -0.7172
    3.1936   -1.4819
    3.2802   -1.8048
    3.3509   -1.7931
    3.4217   -1.7607
    3.4924   -1.7164
    3.5631   -1.6753
    3.6338   -1.6603
    3.7045   -1.7000
    3.7752   -1.8211
    3.8459   -2.0348
    3.9166   -2.3266
    3.9873   -2.6634
    4.0373   -2.6625
    4.0873   -2.6599
    4.1373   -2.6557
    4.1873   -2.6505
    4.2373   -2.6447
    4.2873   -2.6389
    4.3373   -2.6337
    4.3873   -2.6295
    4.4373   -2.6268
    4.4873   -2.6259
 
    0.0000    5.2100
    0.1000    5.1396
    0.2000    4.9353
    0.3000    4.6172
    0.4000    4.2166
    0.5000    3.7727
    0.6000    3.3291
    0.7000    2.9290
    0.8000    2.6117
    0.9000    2.4080
    1.0000    2.3378
    1.0354    2.3329
    1.0707    2.3185
    1.1061    2.2958
    1.1414    2.2666
    1.1768    2.2335
    1.2121    2.1994
    1.2475    2.1676
    1.2828    2.1413
    1.3182    2.1238
    1.3536    2.1176
    1.3536    2.1176
    1.4596    2.1860
    1.5657    2.3972
    1.6718    2.7346
    1.7778    3.1620
    1.8839    3.6369
    1.9899    4.1153
    2.0960    4.5519
    2.2021    4.9029
    2.3081    5.1309
    2.4142    5.2100
    2.5008    5.1804
    2.5874    5.0947
    2.6740    4.9611
    2.7606    4.7928
    2.8472    4.6062
    2.9338    4.4196
    3.0204    4.2513
    3.1070    4.1177
    3.1936    4.0320
    3.2802    4.0024
    3.3509    3.9458
    3.4217    3.7818
    3.4924    3.5287
    3.5631    3.2162
    3.6338    2.8859
    3.7045    2.5873
    3.7752    2.3690
    3.8459    2.2623
    3.9166    2.2704
    3.9873    2.3731
    4.0373    2.3722
    4.0873    2.3697
    4.1373    2.3658
    4.1873    2.3609
    4.2373    2.3555
    4.2873    2.3501
    4.3373    2.3451
    4.3873    2.3412
    4.4373    2.3387
    4.4873    2.3378
 
    0.0000    5.2100
    0.1000    5.1396
    0.2000    4.9353
    0.3000    4.6172
    0.4000    4.2166
    0.5000    3.7727
    0.6000    3.3291
    0.7000    2.9290
    0.8000    2.6117
    0.9000    2.4080
    1.0000    2.3378
    1.0354    2.3437
    1.0707    2.3611
    1.1061    2.3900
    1.1414    2.4301
    1.1768    2.4808
    1.2121    2.5417
    1.2475    2.6122
    1.2828    2.6915
    1.3182    2.7788
    1.3536    2.8733
    1.3536    2.8733
    1.4596    3.1905
    1.5657    3.5379
    1.6718    3.8895
    1.7778    4.2226
    1.8839    4.5195
    1.9899    4.7683
    2.0960    4.9628
    2.2021    5.1008
    2.3081    5.1828
    2.4142    5.2100
    2.5008    5.1804
    2.5874    5.0947
    2.6740    4.9611
    2.7606    4.7928
    2.8472    4.6062
    2.9338    4.4196
    3.0204    4.2513
    3.1070    4.1177
    3.1936    4.0320
    3.2802    4.0024
    3.3509    3.9770
    3.4217    3.9021
    3.4924    3.7812
    3.5631    3.6199
    3.6338    3.4259
    3.7045    3.2085
    3.7752    2.9791
    3.8459    2.7513
    3.9166    2.5422
    3.9873    2.3731
    4.0373    2.3722
    4.0873    2.3697
    4.1373    2.3658
    4.1873    2.3609
    4.2373    2.3555
    4.2873    2.3501
    4.3373    2.3451
    4.3873    2.3412
    4.4373    2.3387
    4.4873    2.3378
 
    0.0000    8.8156
    0.1000    8.7514
    0.2000    8.5635
    0.3000    8.2677
    0.4000    7.8928
    0.5000    7.4834
    0.6000    7.0972
    0.7000    6.7983
    0.8000    6.6446
    0.9000    6.6750
    1.0000    6.8967
    1.0354    6.8956
    1.0707    6.8929
    1.1061    6.8893
    1.1414    6.8865
    1.1768    6.8863
    1.2121    6.8906
    1.2475    6.9014
    1.2828    6.9204
    1.3182    6.9491
    1.3536    6.9885
    1.3536    6.9885
    1.4596    7.1746
    1.5657    7.4546
    1.6718    7.7983
    1.7778    8.1648
    1.8839    8.5140
    1.9899    8.8147
    2.0960    9.0454
    2.2021    9.0563
    2.3081    8.8748
    2.4142    8.8156
    2.5008    8.8940
    2.5874    9.0224
    2.6740    8.9276
    2.7606    8.7318
    2.8472    8.4977
    2.9338    8.2584
    3.0204    8.0408
    3.1070    7.8674
    3.1936    7.7559
    3.2802    7.7175
    3.3509    7.7100
    3.4217    7.6857
    3.4924    7.6409
    3.5631    7.5763
    3.6338    7.5004
    3.7045    7.4290
    3.7752    7.3823
    3.8459    7.3816
    3.9166    7.4461
    3.9873    7.5902
    4.0373    7.5727
    4.0873    7.5222
    4.1373    7.4440
    4.1873    7.3462
    4.2373    7.2386
    4.2873    7.1320
    4.3373    7.0366
    4.3873    6.9613
    4.4373    6.9132
    4.4873    6.8967
 
    0.0000    8.8156
    0.1000    9.0247
    0.2000    9.4778
    0.3000    9.4508
    0.4000    9.3407
    0.5000    9.1110
    0.6000    8.7511
    0.7000    8.2853
    0.8000    7.7701
    0.9000    7.2815
    1.0000    6.8967
    1.0354    6.9144
    1.0707    6.9671
    1.1061    7.0538
    1.1414    7.1725
    1.1768    7.3207
    1.2121    7.4952
    1.2475    7.6923
    1.2828    7.9079
    1.3182    8.1374
    1.3536    8.3760
    1.3536    8.3760
    1.4596    9.0971
    1.5657    9.7273
    1.6718   10.1627
    1.7778   10.3441
    1.8839   10.2689
    1.9899    9.8262
    2.0960    9.3698
    2.2021    9.1769
    2.3081    8.9197
    2.4142    8.8156
    2.5008    8.8940
    2.5874    9.1215
    2.6740    9.4758
    2.7606    9.9223
    2.8472   10.4173
    2.9338   10.9123
    3.0204   11.3588
    3.1070   11.7131
    3.1936   11.9406
    3.2802   12.0190
    3.3509   11.8524
    3.4217   11.4249
    3.4924   10.8605
    3.5631   10.2477
    3.6338    9.6405
    3.7045    9.0744
    3.7752    8.5734
    3.8459    8.1540
    3.9166    7.8255
    3.9873    7.5913
    4.0373    7.5738
    4.0873    7.5233
    4.1373    7.4449
    4.1873    7.3469
    4.2373    7.2392
    4.2873    7.1324
    4.3373    7.0368
    4.3873    6.9614
    4.4373    6.9132
    4.4873    6.8967
 
    0.0000    8.8156
    0.1000    9.0247
    0.2000    9.6239
    0.3000   10.5348
    0.4000   11.6435
    0.5000   12.8218
    0.6000   13.9466
    0.7000   14.9154
    0.8000   15.6533
    0.9000   16.1126
    1.0000   16.2683
    1.0354   16.2518
    1.0707   16.2027
    1.1061   16.1216
    1.1414   16.0092
    1.1768   15.8671
    1.2121   15.6967
    1.2475   15.5000
    1.2828   15.2793
    1.3182   15.0369
    1.3536   14.7755
    1.3536   14.7755
    1.4596   13.9053
    1.5657   12.9673
    1.6718   12.0365
    1.7778   11.1759
    1.8839   10.4307
    1.9899    9.9886
    2.0960    9.5965
    2.2021    9.2050
    2.3081    9.0248
    2.4142    8.8156
    2.5008    8.9132
    2.5874    9.1215
    2.6740    9.4758
    2.7606    9.9223
    2.8472   10.4173
    2.9338   10.9123
    3.0204   11.3588
    3.1070   11.7131
    3.1936   11.9406
    3.2802   12.0190
    3.3509   12.0778
    3.4217   12.2546
    3.4924   12.5481
    3.5631   12.9502
    3.6338   13.4422
    3.7045   13.9959
    3.7752   14.5772
    3.8459   15.1498
    3.9166   15.6789
    3.9873   16.1333
    4.0373   16.1371
    4.0873   16.1479
    4.1373   16.1644
    4.1873   16.1843
    4.2373   16.2056
    4.2873   16.2259
    4.3373   16.2435
    4.3873   16.2570
    4.4373   16.2654
    4.4873   16.2683
 
    0.0000    9.4604
    0.1000    9.4684
    0.2000    9.6239
    0.3000   10.5348
    0.4000   11.6435
    0.5000   12.8218
    0.6000   13.9466
    0.7000   14.9154
    0.8000   15.6533
    0.9000   16.1126
    1.0000   16.2683
    1.0354   16.2818
    1.0707   16.3215
    1.1061   16.3852
    1.1414   16.4692
    1.1768   16.5687
    1.2121   16.6779
    1.2475   16.7908
    1.2828   16.9008
    1.3182   17.0012
    1.3536   17.0858
    1.3536   17.0858
    1.4596   17.1863
    1.5657   16.9615
    1.6718   16.3446
    1.7778   15.3444
    1.8839   14.0456
    1.9899   12.5965
    2.0960   11.1874
    2.2021   10.0355
    2.3081    9.4959
    2.4142    9.4604
    2.5008    9.4795
    2.5874    9.7089
    2.6740   10.3312
    2.7606   11.1916
    2.8472   12.1625
    2.9338   13.1385
    3.0204   14.0208
    3.1070   14.7216
    3.1936   15.1718
    3.2802   15.3269
    3.3509   15.4512
    3.4217   15.7524
    3.4924   16.1086
    3.5631   16.4350
    3.6338   16.6827
    3.7045   16.8233
    3.7752   16.8407
    3.8459   16.7289
    3.9166   16.4899
    3.9873   16.1345
    4.0373   16.1382
    4.0873   16.1490
    4.1373   16.1653
    4.1873   16.1851
    4.2373   16.2061
    4.2873   16.2263
    4.3373   16.2437
    4.3873   16.2571
    4.4373   16.2654
    4.4873   16.2683
 
