     -1     -1     -1
    1    1    1     3.5981520522376098E-01 -1.4287754591410467E-16
    1    1    2     3.5981520522376098E-01 -1.4287754591410467E-16
    1    2    1     3.6978539607028799E-01 -1.8459897239281320E-16
    1    2    2     3.6978539607028799E-01 -1.8459897239281320E-16
    1    3    1     3.8194564495428951E-01  3.8122327153779570E-16
    1    3    2     3.8194564495428951E-01  3.8122327153779570E-16
    1    4    1     4.0930096331163585E-01  7.5916556095440187E-16
    1    4    2     4.0930096331163585E-01  7.5916556095440187E-16
    1    5    1     3.9553554386770262E-01  4.3916286622883161E-16
    1    5    2     3.9553554386770262E-01  4.3916286622883161E-16
    1    6    1     3.8194565127967012E-01  3.7963339069579938E-16
    1    6    2     3.8194565127967012E-01  3.7963339069579938E-16
    1    7    1     4.1389696221061251E-01  5.4643789493269423E-17
    1    7    2     4.1389696221061251E-01  5.4643789493269423E-17
    1    8    1     3.6978539530556248E-01 -1.7239492168877324E-16
    1    8    2     3.6978539530556248E-01 -1.7239492168877324E-16
    2    1    1     3.6978539607028804E-01 -1.8527659875061664E-16
    2    1    2     3.6978539607028804E-01 -1.8527659875061664E-16
    2    2    1     3.5981520670987571E-01 -1.4764215938633162E-16
    2    2    2     3.5981520670987571E-01 -1.4764215938633162E-16
    2    3    1     3.8194564979223200E-01  6.1688393108993989E-16
    2    3    2     3.8194564979223200E-01  6.1688393108993989E-16
    2    4    1     3.8194564789264379E-01  4.6182946789735668E-16
    2    4    2     3.8194564789264379E-01  4.6182946789735668E-16
    2    5    1     3.9553554368365418E-01  4.8844663123187582E-16
    2    5    2     3.9553554368365418E-01  4.8844663123187582E-16
    2    6    1     4.0930098441091139E-01  7.9518775461875912E-16
    2    6    2     4.0930098441091139E-01  7.9518775461875912E-16
    2    7    1     4.1389695447938868E-01  7.6300727888667375E-17
    2    7    2     4.1389695447938868E-01  7.6300727888667375E-17
    2    8    1     3.6978539562719998E-01 -1.8174447136056621E-16
    2    8    2     3.6978539562719998E-01 -1.8174447136056621E-16
    3    1    1     3.8194564495428956E-01 -4.0433710660247105E-16
    3    1    2     3.8194564495428956E-01 -4.0433710660247105E-16
    3    2    1     3.8194564979223194E-01 -5.2450990599417491E-16
    3    2    2     3.8194564979223194E-01 -5.2450990599417491E-16
    3    3    1     3.5981520222269858E-01 -1.3904473884116986E-16
    3    3    2     3.5981520222269858E-01 -1.3904473884116986E-16
    3    4    1     3.6978539621535489E-01 -9.9380681635452550E-17
    3    4    2     3.6978539621535489E-01 -9.9380681635452550E-17
    3    5    1     3.6978539622000012E-01 -9.5808235477112813E-16
    3    5    2     3.6978539622000012E-01 -9.5808235477112813E-16
    3    6    1     3.6978539625641521E-01 -1.1041074467459805E-16
    3    6    2     3.6978539625641521E-01 -1.1041074467459805E-16
    3    7    1     3.9553554525351831E-01  6.3503627066607317E-16
    3    7    2     3.9553554525351831E-01  6.3503627066607317E-16
    3    8    1     4.0930098296275241E-01 -9.3053006706284025E-16
    3    8    2     4.0930098296275241E-01 -9.3053006706284025E-16
    4    1    1     4.0930096331163590E-01 -7.2584921404004847E-16
    4    1    2     4.0930096331163590E-01 -7.2584921404004847E-16
    4    2    1     3.8194564789264379E-01 -4.3221719606134634E-16
    4    2    2     3.8194564789264379E-01 -4.3221719606134634E-16
    4    3    1     3.6978539621535489E-01 -5.6514038240806919E-17
    4    3    2     3.6978539621535489E-01 -5.6514038240806919E-17
    4    4    1     3.5981520478678108E-01 -1.4462252669503554E-16
    4    4    2     3.5981520478678108E-01 -1.4462252669503554E-16
    4    5    1     3.6978539559470869E-01 -9.8298512342040456E-16
    4    5    2     3.6978539559470869E-01 -9.8298512342040456E-16
    4    6    1     3.6978539566222945E-01 -6.5485811218124468E-17
    4    6    2     3.6978539566222945E-01 -6.5485811218124468E-17
    4    7    1     3.8194565045030415E-01 -3.0247207733272163E-16
    4    7    2     3.8194565045030415E-01 -3.0247207733272163E-16
    4    8    1     3.8194564670067399E-01 -2.3430223046298510E-16
    4    8    2     3.8194564670067399E-01 -2.3430223046298510E-16
    5    1    1     3.9553554386770262E-01 -3.6225227461814113E-16
    5    1    2     3.9553554386770262E-01 -3.6225227461814113E-16
    5    2    1     3.9553554368365423E-01 -4.1718744344526604E-16
    5    2    2     3.9553554368365423E-01 -4.1718744344526604E-16
    5    3    1     3.6978539621999990E-01  7.3506196789085987E-16
    5    3    2     3.6978539621999990E-01  7.3506196789085987E-16
    5    4    1     3.6978539559470869E-01  7.0422319234722530E-16
    5    4    2     3.6978539559470869E-01  7.0422319234722530E-16
    5    5    1     3.5981520740759076E-01 -1.3971017145294783E-16
    5    5    2     3.5981520740759076E-01 -1.3971017145294783E-16
    5    6    1     3.6978539560135282E-01  9.2355051557746481E-16
    5    6    2     3.6978539560135282E-01  9.2355051557746481E-16
    5    7    1     4.0930096457377158E-01 -4.5678623372940458E-16
    5    7    2     4.0930096457377158E-01 -4.5678623372940458E-16
    5    8    1     3.9553553995860646E-01 -4.2483149227776247E-16
    5    8    2     3.9553553995860646E-01 -4.2483149227776247E-16
    6    1    1     3.8194565127967028E-01 -4.2317766044824845E-16
    6    1    2     3.8194565127967028E-01 -4.2317766044824845E-16
    6    2    1     4.0930098441091139E-01 -8.2288192034571210E-16
    6    2    2     4.0930098441091139E-01 -8.2288192034571210E-16
    6    3    1     3.6978539625641532E-01 -1.1846602800298645E-16
    6    3    2     3.6978539625641532E-01 -1.1846602800298645E-16
    6    4    1     3.6978539566222929E-01 -1.7795823408633948E-16
    6    4    2     3.6978539566222929E-01 -1.7795823408633948E-16
    6    5    1     3.6978539560135293E-01 -9.5960023781260784E-16
    6    5    2     3.6978539560135293E-01 -9.5960023781260784E-16
    6    6    1     3.5981520818127860E-01 -1.4798644156188214E-16
    6    6    2     3.5981520818127860E-01 -1.4798644156188214E-16
    6    7    1     3.8194564365873102E-01 -2.6516874633564225E-16
    6    7    2     3.8194564365873102E-01 -2.6516874633564225E-16
    6    8    1     3.8194565487281706E-01 -6.1029740289209045E-16
    6    8    2     3.8194565487281706E-01 -6.1029740289209045E-16
    7    1    1     4.1389696221061256E-01 -7.4654095839205015E-17
    7    1    2     4.1389696221061256E-01 -7.4654095839205015E-17
    7    2    1     4.1389695447938868E-01 -4.4452289071905682E-18
    7    2    2     4.1389695447938868E-01 -4.4452289071905682E-18
    7    3    1     3.9553554525351825E-01 -9.1363048921569608E-16
    7    3    2     3.9553554525351825E-01 -9.1363048921569608E-16
    7    4    1     3.8194565045030415E-01 -3.7066161771848183E-18
    7    4    2     3.8194565045030415E-01 -3.7066161771848183E-18
    7    5    1     4.0930096457377163E-01  3.1286983027674180E-16
    7    5    2     4.0930096457377163E-01  3.1286983027674180E-16
    7    6    1     3.8194564365873096E-01  1.3552527156068805E-18
    7    6    2     3.8194564365873096E-01  1.3552527156068805E-18
    7    7    1     3.5981520529945338E-01 -1.5667780530427003E-16
    7    7    2     3.5981520529945338E-01 -1.5667780530427003E-16
    7    8    1     3.9620789338196549E-01  8.6641983735105677E-16
    7    8    2     3.9620789338196549E-01  8.6641983735105677E-16
    8    1    1     3.6978539530556248E-01 -7.0452812420823685E-17
    8    1    2     3.6978539530556248E-01 -7.0452812420823685E-17
    8    2    1     3.6978539562719998E-01 -1.8903234283874221E-16
    8    2    2     3.6978539562719998E-01 -1.8903234283874221E-16
    8    3    1     4.0930098296275241E-01  8.3510672335695979E-16
    8    3    2     4.0930098296275241E-01  8.3510672335695979E-16
    8    4    1     3.8194564670067388E-01  3.1980512429062320E-16
    8    4    2     3.8194564670067388E-01  3.1980512429062320E-16
    8    5    1     3.9553553995860646E-01  5.4182198888663193E-16
    8    5    2     3.9553553995860646E-01  5.4182198888663193E-16
    8    6    1     3.8194565487281706E-01  4.5135336440571550E-16
    8    6    2     3.8194565487281706E-01  4.5135336440571550E-16
    8    7    1     3.9620789338196555E-01 -7.7866722401551125E-16
    8    7    2     3.9620789338196555E-01 -7.7866722401551125E-16
    8    8    1     3.5981520492489016E-01 -1.5386347933103007E-16
    8    8    2     3.5981520492489016E-01 -1.5386347933103007E-16
     -1     -1      0
    1    1    1     4.1158842479701430E-01  5.6838440736353128E-18
    1    1    2     4.1158842479701430E-01  5.6838440736353128E-18
    1    2    1     4.7111702336637229E-01  3.6293667723952261E-17
    1    2    2     4.7111702336637229E-01  3.6293667723952261E-17
    1    3    1     3.9553554073319530E-01  1.5618652272658858E-17
    1    3    2     3.9553554073319530E-01  1.5618652272658858E-17
    1    4    1     4.0930100099265787E-01 -1.3170341655102929E-15
    1    4    2     4.0930100099265787E-01 -1.3170341655102929E-15
    1    5    1     3.8194565388808266E-01  2.2903770893756281E-18
    1    5    2     3.8194565388808266E-01  2.2903770893756281E-18
    1    6    1     3.8194565140235304E-01 -1.3602535981274699E-15
    1    6    2     3.8194565140235304E-01 -1.3602535981274699E-15
    1    7    1     3.6978539614520411E-01  1.0057059351975539E-15
    1    7    2     3.6978539614520411E-01  1.0057059351975539E-15
    1    8    1     4.1389698471089853E-01  8.5662813648079705E-16
    1    8    2     4.1389698471089853E-01  8.5662813648079705E-16
    2    1    1     4.7111702336637240E-01  1.8973538018496328E-17
    2    1    2     4.7111702336637240E-01  1.8973538018496328E-17
    2    2    1     4.1158840839182748E-01  2.3876908203488771E-19
    2    2    2     4.1158840839182748E-01  2.3876908203488771E-19
    2    3    1     3.9553554951508041E-01  7.6273622834355237E-17
    2    3    2     3.9553554951508041E-01  7.6273622834355237E-17
    2    4    1     3.8194564933385294E-01 -1.3913837530049600E-15
    2    4    2     3.8194564933385294E-01 -1.3913837530049600E-15
    2    5    1     3.8194564459918640E-01 -3.9708904567281600E-18
    2    5    2     3.8194564459918640E-01 -3.9708904567281600E-18
    2    6    1     4.0930095148907542E-01 -1.2964796404957464E-15
    2    6    2     4.0930095148907542E-01 -1.2964796404957464E-15
    2    7    1     3.6978539651165815E-01  8.1136269577952724E-16
    2    7    2     3.6978539651165815E-01  8.1136269577952724E-16
    2    8    1     4.1389693946954514E-01  8.9327586397670161E-16
    2    8    2     4.1389693946954514E-01  8.9327586397670161E-16
    3    1    1     3.9553554073319536E-01 -1.4682765569237581E-16
    3    1    2     3.9553554073319536E-01 -1.4682765569237581E-16
    3    2    1     3.9553554951508035E-01 -2.8137756881430054E-16
    3    2    2     3.9553554951508035E-01 -2.8137756881430054E-16
    3    3    1     4.0961758680924254E-01  7.4104683607374201E-18
    3    3    2     4.0961758680924254E-01  7.4104683607374201E-18
    3    4    1     4.1389698020408006E-01  8.9378238967915968E-16
    3    4    2     4.1389698020408006E-01  8.9378238967915968E-16
    3    5    1     3.9620789320710953E-01  8.8921518802756450E-16
    3    5    2     3.9620789320710953E-01  8.8921518802756450E-16
    3    6    1     4.1389694152755008E-01  9.2056557147134066E-16
    3    6    2     4.1389694152755008E-01  9.2056557147134066E-16
    3    7    1     3.9553553888746801E-01 -4.4559946959501703E-16
    3    7    2     3.9553553888746801E-01 -4.4559946959501703E-16
    3    8    1     3.8720584506835221E-01 -4.6150420724561103E-16
    3    8    2     3.8720584506835221E-01 -4.6150420724561103E-16
    4    1    1     4.0930100099265798E-01  1.3075270677103106E-15
    4    1    2     4.0930100099265798E-01  1.3075270677103106E-15
    4    2    1     3.8194564933385294E-01  1.2778000229099473E-15
    4    2    2     3.8194564933385294E-01  1.2778000229099473E-15
    4    3    1     4.1389698020408011E-01 -8.2786289759204101E-16
    4    3    2     4.1389698020408011E-01 -8.2786289759204101E-16
    4    4    1     4.1158841780958200E-01  1.4117748194134914E-17
    4    4    2     4.1158841780958200E-01  1.4117748194134914E-17
    4    5    1     4.1389695856019693E-01 -1.0789844495304179E-16
    4    5    2     4.1389695856019693E-01 -1.0789844495304179E-16
    4    6    1     4.7111702144712447E-01  2.4272576136519231E-17
    4    6    2     4.7111702144712447E-01  2.4272576136519231E-17
    4    7    1     3.9553554379977734E-01 -4.2733828628516157E-16
    4    7    2     3.9553554379977734E-01 -4.2733828628516157E-16
    4    8    1     3.9553553778305783E-01 -3.0705325502794652E-16
    4    8    2     3.9553553778305783E-01 -3.0705325502794652E-16
    5    1    1     3.8194565388808266E-01 -2.7866706338308678E-16
    5    1    2     3.8194565388808266E-01 -2.7866706338308678E-16
    5    2    1     3.8194564459918645E-01 -1.9274404121361055E-16
    5    2    2     3.8194564459918645E-01 -1.9274404121361055E-16
    5    3    1     3.9620789320710936E-01 -8.5201350098415563E-16
    5    3    2     3.9620789320710936E-01 -8.5201350098415563E-16
    5    4    1     4.1389695856019693E-01  7.9776951104199023E-17
    5    4    2     4.1389695856019693E-01  7.9776951104199023E-17
    5    5    1     4.0961757642730734E-01  5.2244320225384905E-18
    5    5    2     4.0961757642730734E-01  5.2244320225384905E-18
    5    6    1     4.1389696023320832E-01 -8.5733286789291263E-17
    5    6    2     4.1389696023320832E-01 -8.5733286789291263E-17
    5    7    1     3.8720584403243735E-01 -6.9178874868153217E-16
    5    7    2     3.8720584403243735E-01 -6.9178874868153217E-16
    5    8    1     3.9553554580443828E-01  6.0958166005166056E-16
    5    8    2     3.9553554580443828E-01  6.0958166005166056E-16
    6    1    1     3.8194565140235315E-01  1.2178571952986550E-15
    6    1    2     3.8194565140235315E-01  1.2178571952986550E-15
    6    2    1     4.0930095148907542E-01  1.1573798898976452E-15
    6    2    2     4.0930095148907542E-01  1.1573798898976452E-15
    6    3    1     4.1389694152755019E-01 -8.6590653538502066E-16
    6    3    2     4.1389694152755019E-01 -8.6590653538502066E-16
    6    4    1     4.7111702144712442E-01  5.9441384106517781E-17
    6    4    2     4.7111702144712442E-01  5.9441384106517781E-17
    6    5    1     4.1389696023320849E-01 -1.1544042631539408E-16
    6    5    2     4.1389696023320849E-01 -1.1544042631539408E-16
    6    6    1     4.1158841715308758E-01 -3.2241554962094566E-19
    6    6    2     4.1158841715308758E-01 -3.2241554962094566E-19
    6    7    1     3.9553554752650810E-01 -3.9528655956105885E-16
    6    7    2     3.9553554752650810E-01 -3.9528655956105885E-16
    6    8    1     3.9553554762762666E-01 -1.9380113833178392E-16
    6    8    2     3.9553554762762666E-01 -1.9380113833178392E-16
    7    1    1     3.6978539614520411E-01 -8.5649938747281440E-16
    7    1    2     3.6978539614520411E-01 -8.5649938747281440E-16
    7    2    1     3.6978539651165809E-01 -8.7153591635247274E-16
    7    2    2     3.6978539651165809E-01 -8.7153591635247274E-16
    7    3    1     3.9553553888746790E-01  4.1531973579657031E-16
    7    3    2     3.9553553888746790E-01  4.1531973579657031E-16
    7    4    1     3.9553554379977740E-01  4.3654045222413229E-16
    7    4    2     3.9553554379977740E-01  4.3654045222413229E-16
    7    5    1     3.8720584403243741E-01  6.6510339919475907E-16
    7    5    2     3.8720584403243741E-01  6.6510339919475907E-16
    7    6    1     3.9553554752650805E-01  4.7761816203417684E-16
    7    6    2     3.9553554752650805E-01  4.7761816203417684E-16
    7    7    1     4.0961757704146412E-01 -1.9085910659101251E-17
    7    7    2     4.0961757704146412E-01 -1.9085910659101251E-17
    7    8    1     3.6978539574889147E-01 -8.6702292480950183E-16
    7    8    2     3.6978539574889147E-01 -8.6702292480950183E-16
    8    1    1     4.1389698471089864E-01 -8.4042609026571680E-16
    8    1    2     4.1389698471089864E-01 -8.4042609026571680E-16
    8    2    1     4.1389693946954514E-01 -8.6223888272340954E-16
    8    2    2     4.1389693946954514E-01 -8.6223888272340954E-16
    8    3    1     3.8720584506835215E-01  2.1143975242540747E-16
    8    3    2     3.8720584506835215E-01  2.1143975242540747E-16
    8    4    1     3.9553553778305783E-01  1.5441283573503807E-16
    8    4    2     3.9553553778305783E-01  1.5441283573503807E-16
    8    5    1     3.9553554580443828E-01 -9.0830349901041378E-16
    8    5    2     3.9553554580443828E-01 -9.0830349901041378E-16
    8    6    1     3.9553554762762672E-01  1.8184780938013123E-16
    8    6    2     3.9553554762762672E-01  1.8184780938013123E-16
    8    7    1     3.6978539574889152E-01  7.9331072960764359E-16
    8    7    2     3.6978539574889152E-01  7.9331072960764359E-16
    8    8    1     4.0961758509987689E-01  2.3035755910610395E-18
    8    8    2     4.0961758509987689E-01  2.3035755910610395E-18
     -1      0     -1
    1    1    1     4.1158839555242055E-01  8.0404734584924930E-18
    1    1    2     4.1158839555242055E-01  8.0404734584924930E-18
    1    2    1     4.1389693509903291E-01  8.0647023347618640E-16
    1    2    2     4.1389693509903291E-01  8.0647023347618640E-16
    1    3    1     3.8194564751727383E-01 -1.3242809558905271E-15
    1    3    2     3.8194564751727383E-01 -1.3242809558905271E-15
    1    4    1     4.0930096108776742E-01 -1.2782400565260459E-15
    1    4    2     4.0930096108776742E-01 -1.2782400565260459E-15
    1    5    1     3.8194564626973060E-01  2.9131157121969897E-17
    1    5    2     3.8194564626973060E-01  2.9131157121969897E-17
    1    6    1     3.9553554210410347E-01  5.2407622512518071E-17
    1    6    2     3.9553554210410347E-01  5.2407622512518071E-17
    1    7    1     4.7111702508055286E-01 -1.8032450532778910E-15
    1    7    2     4.7111702508055286E-01 -1.8032450532778910E-15
    1    8    1     4.7111702583775555E-01  2.5051846447993187E-17
    1    8    2     4.7111702583775555E-01  2.5051846447993187E-17
    2    1    1     4.1389693509903291E-01 -8.6257769590231126E-16
    2    1    2     4.1389693509903291E-01 -8.6257769590231126E-16
    2    2    1     4.0961757873732668E-01 -4.7021497694814722E-18
    2    2    2     4.0961757873732668E-01 -4.7021497694814722E-18
    2    3    1     3.9553553808470310E-01  1.9998109071495129E-16
    2    3    2     3.9553553808470310E-01  1.9998109071495129E-16
    2    4    1     3.9553554569912180E-01  8.3483567281383841E-18
    2    4    2     3.9553554569912180E-01  8.3483567281383841E-18
    2    5    1     3.9553554463113483E-01 -8.3768170351661286E-16
    2    5    2     3.9553554463113483E-01 -8.3768170351661286E-16
    2    6    1     3.8720584332333080E-01  2.8667237176758717E-16
    2    6    2     3.8720584332333080E-01  2.8667237176758717E-16
    2    7    1     4.1389695657800929E-01 -2.0019793114944839E-16
    2    7    2     4.1389695657800929E-01 -2.0019793114944839E-16
    2    8    1     4.1389698567547178E-01 -8.6529328353120855E-16
    2    8    2     4.1389698567547178E-01 -8.6529328353120855E-16
    3    1    1     3.8194564751727389E-01  1.2294742521702477E-15
    3    1    2     3.8194564751727389E-01  1.2294742521702477E-15
    3    2    1     3.9553553808470310E-01 -2.1925278433088113E-16
    3    2    2     3.9553553808470310E-01 -2.1925278433088113E-16
    3    3    1     4.1158842469284906E-01  5.8203696848865496E-18
    3    3    2     4.1158842469284906E-01  5.8203696848865496E-18
    3    4    1     4.7111703198152699E-01  8.9575428238036769E-17
    3    4    2     4.7111703198152699E-01  8.9575428238036769E-17
    3    5    1     4.1389697903959360E-01  1.7082960480224729E-17
    3    5    2     4.1389697903959360E-01  1.7082960480224729E-17
    3    6    1     4.1389698541189124E-01 -8.8964717483066419E-16
    3    6    2     4.1389698541189124E-01 -8.8964717483066419E-16
    3    7    1     5.5782407690254998E-01 -2.3072330450259887E-17
    3    7    2     5.5782407690254998E-01 -2.3072330450259887E-17
    3    8    1     4.0930099867901060E-01  1.2029629679541354E-15
    3    8    2     4.0930099867901060E-01  1.2029629679541354E-15
    4    1    1     4.0930096108776748E-01  1.2908100254632997E-15
    4    1    2     4.0930096108776748E-01  1.2908100254632997E-15
    4    2    1     3.9553554569912192E-01 -2.0514460356141351E-16
    4    2    2     3.9553554569912192E-01 -2.0514460356141351E-16
    4    3    1     4.7111703198152705E-01  9.0164963169325762E-17
    4    3    2     4.7111703198152705E-01  9.0164963169325762E-17
    4    4    1     4.1158839636435240E-01  1.6335938088330444E-17
    4    4    2     4.1158839636435240E-01  1.6335938088330444E-17
    4    5    1     4.1389694187874837E-01 -1.6113277162208006E-16
    4    5    2     4.1389694187874837E-01 -1.6113277162208006E-16
    4    6    1     4.1389693824096507E-01 -8.3429357172759566E-16
    4    6    2     4.1389693824096507E-01 -8.3429357172759566E-16
    4    7    1     4.4479040777527717E-01  1.2939072014349351E-15
    4    7    2     4.4479040777527717E-01  1.2939072014349351E-15
    4    8    1     3.8194564968046679E-01  1.0148884076205010E-15
    4    8    2     3.8194564968046679E-01  1.0148884076205010E-15
    5    1    1     3.8194564626973065E-01 -2.1669813296196216E-16
    5    1    2     3.8194564626973065E-01 -2.1669813296196216E-16
    5    2    1     3.9553554463113483E-01  5.7455938878153701E-16
    5    2    2     3.9553554463113483E-01  5.7455938878153701E-16
    5    3    1     4.1389697903959338E-01 -3.3224020323102676E-17
    5    3    2     4.1389697903959338E-01 -3.3224020323102676E-17
    5    4    1     4.1389694187874837E-01  1.3044307387716225E-17
    5    4    2     4.1389694187874837E-01  1.3044307387716225E-17
    5    5    1     4.0961757868038207E-01 -5.7174453212128836E-18
    5    5    2     4.0961757868038207E-01 -5.7174453212128836E-18
    5    6    1     3.9620789448450922E-01 -9.6634939633633010E-16
    5    6    2     3.9620789448450922E-01 -9.6634939633633010E-16
    5    7    1     4.8991711896873952E-01  1.4299724564994978E-15
    5    7    2     4.8991711896873952E-01  1.4299724564994978E-15
    5    8    1     3.8194565368457589E-01 -1.8985481183052613E-16
    5    8    2     3.8194565368457589E-01 -1.8985481183052613E-16
    6    1    1     3.9553554210410369E-01 -2.1136521352604909E-16
    6    1    2     3.9553554210410369E-01 -2.1136521352604909E-16
    6    2    1     3.8720584332333091E-01 -5.0790043693146533E-16
    6    2    2     3.8720584332333091E-01 -5.0790043693146533E-16
    6    3    1     4.1389698541189135E-01  8.7965726825074697E-16
    6    3    2     4.1389698541189135E-01  8.7965726825074697E-16
    6    4    1     4.1389693824096496E-01  8.1007520569970071E-16
    6    4    2     4.1389693824096496E-01  8.1007520569970071E-16
    6    5    1     3.9620789448450927E-01  7.9187416172910030E-16
    6    5    2     3.9620789448450927E-01  7.9187416172910030E-16
    6    6    1     4.0961757767148033E-01  1.0410802432117714E-17
    6    6    2     4.0961757767148033E-01  1.0410802432117714E-17
    6    7    1     5.5782390750919986E-01 -2.6834003769016235E-17
    6    7    2     5.5782390750919986E-01 -2.6834003769016235E-17
    6    8    1     3.9553553675634123E-01 -2.6514164128133011E-16
    6    8    2     3.9553553675634123E-01 -2.6514164128133011E-16
    7    1    1     4.7111702508055309E-01  1.5997606342930959E-15
    7    1    2     4.7111702508055309E-01  1.5997606342930959E-15
    7    2    1     4.1389695657800929E-01 -7.8658867613823347E-17
    7    2    2     4.1389695657800929E-01 -7.8658867613823347E-17
    7    3    1     5.5782407690254987E-01  3.0004193980704905E-16
    7    3    2     5.5782407690254987E-01  3.0004193980704905E-16
    7    4    1     4.4479040777527723E-01 -1.2703529092376875E-15
    7    4    2     4.4479040777527723E-01 -1.2703529092376875E-15
    7    5    1     4.8991711896873957E-01 -1.2369967517748132E-15
    7    5    2     4.8991711896873957E-01 -1.2369967517748132E-15
    7    6    1     5.5782390750919963E-01  4.0398728199525502E-16
    7    6    2     5.5782390750919963E-01  4.0398728199525502E-16
    7    7    1     4.0961758051029479E-01 -4.7031660748141625E-18
    7    7    2     4.0961758051029479E-01 -4.7031660748141625E-18
    7    8    1     4.1389694677624816E-01 -1.6283361378016670E-16
    7    8    2     4.1389694677624816E-01 -1.6283361378016670E-16
    8    1    1     4.7111702583775567E-01  4.0982842119952068E-17
    8    1    2     4.7111702583775567E-01  4.0982842119952068E-17
    8    2    1     4.1389698567547178E-01  8.7913041375755480E-16
    8    2    2     4.1389698567547178E-01  8.7913041375755480E-16
    8    3    1     4.0930099867901060E-01 -1.1929815317036907E-15
    8    3    2     4.0930099867901060E-01 -1.1929815317036907E-15
    8    4    1     3.8194564968046663E-01 -1.2297095155713476E-15
    8    4    2     3.8194564968046663E-01 -1.2297095155713476E-15
    8    5    1     3.8194565368457589E-01  3.2865301869940480E-17
    8    5    2     3.8194565368457589E-01  3.2865301869940480E-17
    8    6    1     3.9553553675634129E-01  1.0435445910172980E-17
    8    6    2     3.9553553675634129E-01  1.0435445910172980E-17
    8    7    1     4.1389694677624816E-01 -1.2153906353562505E-16
    8    7    2     4.1389694677624816E-01 -1.2153906353562505E-16
    8    8    1     4.1158843216988228E-01 -1.7593262949386211E-18
    8    8    2     4.1158843216988228E-01 -1.7593262949386211E-18
     -1      0      0
    1    1    1     4.1158842137074936E-01 -3.0587649511553370E-16
    1    1    2     4.1158842137074936E-01 -3.0587649511553370E-16
    1    2    1     4.1389695837437418E-01 -1.9086023993891699E-15
    1    2    2     4.1389695837437418E-01 -1.9086023993891699E-15
    1    3    1     4.4479046437708791E-01  6.1046723299801493E-17
    1    3    2     4.4479046437708791E-01  6.1046723299801493E-17
    1    4    1     4.1557237181631224E-01 -1.3000532725002123E-15
    1    4    2     4.1557237181631224E-01 -1.3000532725002123E-15
    1    5    1     4.4479040943539638E-01 -1.2923893183934554E-15
    1    5    2     4.4479040943539638E-01 -1.2923893183934554E-15
    1    6    1     4.4479040635086348E-01  5.2109466915084557E-17
    1    6    2     4.4479040635086348E-01  5.2109466915084557E-17
    1    7    1     4.1389694030490543E-01  8.7251169830770969E-17
    1    7    2     4.1389694030490543E-01  8.7251169830770969E-17
    1    8    1     4.1389697995923203E-01 -1.8634318263779925E-15
    1    8    2     4.1389697995923203E-01 -1.8634318263779925E-15
    2    1    1     4.1389695837437429E-01  1.5055773468219957E-15
    2    1    2     4.1389695837437429E-01  1.5055773468219957E-15
    2    2    1     4.0961757530704707E-01 -3.1490843960376839E-16
    2    2    2     4.0961757530704707E-01 -3.1490843960376839E-16
    2    3    1     5.5782404509889183E-01 -6.4775658795146462E-16
    2    3    2     5.5782404509889183E-01 -6.4775658795146462E-16
    2    4    1     4.4479039974983869E-01  5.2258544713801314E-17
    2    4    2     4.4479039974983869E-01  5.2258544713801314E-17
    2    5    1     5.5782389968750479E-01  2.3123321833684596E-16
    2    5    2     5.5782389968750479E-01  2.3123321833684596E-16
    2    6    1     4.8991710155447099E-01  2.6293173232194364E-16
    2    6    2     4.8991710155447099E-01  2.6293173232194364E-16
    2    7    1     3.9620789261875039E-01 -8.4066325949094800E-16
    2    7    2     3.9620789261875039E-01 -8.4066325949094800E-16
    2    8    1     3.9620789447485827E-01 -1.5350100476731882E-16
    2    8    2     3.9620789447485827E-01 -1.5350100476731882E-16
    3    1    1     4.4479046437708791E-01 -2.1705685141512436E-16
    3    1    2     4.4479046437708791E-01 -2.1705685141512436E-16
    3    2    1     5.5782404509889172E-01  8.5221001262791862E-16
    3    2    2     5.5782404509889172E-01  8.5221001262791862E-16
    3    3    1     4.0961758856464636E-01 -3.0403318288697118E-16
    3    3    2     4.0961758856464636E-01 -3.0403318288697118E-16
    3    4    1     4.1389697801412040E-01 -1.8270365147003698E-15
    3    4    2     4.1389697801412040E-01 -1.8270365147003698E-15
    3    5    1     4.1389694721587550E-01 -1.5820542575636920E-16
    3    5    2     4.1389694721587550E-01 -1.5820542575636920E-16
    3    6    1     3.9620789255446953E-01 -1.0433751844278472E-16
    3    6    2     3.9620789255446953E-01 -1.0433751844278472E-16
    3    7    1     3.8194565162685562E-01  8.9085843194523784E-17
    3    7    2     3.8194565162685562E-01  8.9085843194523784E-17
    3    8    1     4.8991726650587208E-01 -5.3380693962323811E-16
    3    8    2     4.8991726650587208E-01 -5.3380693962323811E-16
    4    1    1     4.1557237181631235E-01  1.2017495932571936E-15
    4    1    2     4.1557237181631235E-01  1.2017495932571936E-15
    4    2    1     4.4479039974983881E-01 -1.8340635000307914E-16
    4    2    2     4.4479039974983881E-01 -1.8340635000307914E-16
    4    3    1     4.1389697801412040E-01  1.6924531437770285E-15
    4    3    2     4.1389697801412040E-01  1.6924531437770285E-15
    4    4    1     4.1158841921395006E-01 -3.0180497865308783E-16
    4    4    2     4.1158841921395006E-01 -3.0180497865308783E-16
    4    5    1     4.7111702307714109E-01  1.6498643271890823E-15
    4    5    2     4.7111702307714109E-01  1.6498643271890823E-15
    4    6    1     4.1389696006901411E-01  1.6075330086171014E-15
    4    6    2     4.1389696006901411E-01  1.6075330086171014E-15
    4    7    1     3.8194564620592736E-01 -1.5989271538729977E-16
    4    7    2     3.8194564620592736E-01 -1.5989271538729977E-16
    4    8    1     4.4479045774151532E-01 -1.3287617601815023E-16
    4    8    2     4.4479045774151532E-01 -1.3287617601815023E-16
    5    1    1     4.4479040943539638E-01  1.3521153055702506E-15
    5    1    2     4.4479040943539638E-01  1.3521153055702506E-15
    5    2    1     5.5782389968750479E-01 -7.2519572812124178E-17
    5    2    2     5.5782389968750479E-01 -7.2519572812124178E-17
    5    3    1     4.1389694721587539E-01 -1.6841725496846705E-16
    5    3    2     4.1389694721587539E-01 -1.6841725496846705E-16
    5    4    1     4.7111702307714109E-01 -1.7386740376428012E-15
    5    4    2     4.7111702307714109E-01 -1.7386740376428012E-15
    5    5    1     4.1158841310188043E-01 -3.0975232039220456E-16
    5    5    2     4.1158841310188043E-01 -3.0975232039220456E-16
    5    6    1     4.1389695244790037E-01 -8.1640423588158484E-17
    5    6    2     4.1389695244790037E-01 -8.1640423588158484E-17
    5    7    1     4.0930097543025129E-01 -4.0697857884848358E-16
    5    7    2     4.0930097543025129E-01 -4.0697857884848358E-16
    5    8    1     5.5782405706436322E-01 -1.2022489191796000E-16
    5    8    2     5.5782405706436322E-01 -1.2022489191796000E-16
    6    1    1     4.4479040635086364E-01 -2.4314588970703044E-16
    6    1    2     4.4479040635086364E-01 -2.4314588970703044E-16
    6    2    1     4.8991710155447110E-01 -3.5467387083905691E-16
    6    2    2     4.8991710155447110E-01 -3.5467387083905691E-16
    6    3    1     3.9620789255446953E-01 -1.5595062405077825E-16
    6    3    2     3.9620789255446953E-01 -1.5595062405077825E-16
    6    4    1     4.1389696006901405E-01 -1.8367197953533809E-15
    6    4    2     4.1389696006901405E-01 -1.8367197953533809E-15
    6    5    1     4.1389695244790020E-01 -6.9416044093384421E-17
    6    5    2     4.1389695244790020E-01 -6.9416044093384421E-17
    6    6    1     4.0961757259878206E-01 -3.0669818438527542E-16
    6    6    2     4.0961757259878206E-01 -3.0669818438527542E-16
    6    7    1     3.9553554570370053E-01  6.5983188964752193E-16
    6    7    2     3.9553554570370053E-01  6.5983188964752193E-16
    6    8    1     5.5782405084372999E-01  5.6882666979451990E-16
    6    8    2     5.5782405084372999E-01  5.6882666979451990E-16
    7    1    1     4.1389694030490543E-01 -1.6730594774166940E-17
    7    1    2     4.1389694030490543E-01 -1.6730594774166940E-17
    7    2    1     3.9620789261875033E-01  8.3074280961270563E-16
    7    2    2     3.9620789261875033E-01  8.3074280961270563E-16
    7    3    1     3.8194565162685551E-01 -8.4199310121813725E-18
    7    3    2     3.8194565162685551E-01 -8.4199310121813725E-18
    7    4    1     3.8194564620592741E-01  4.8375745683587601E-17
    7    4    2     3.8194564620592741E-01  4.8375745683587601E-17
    7    5    1     4.0930097543025135E-01  3.3507183437369789E-16
    7    5    2     4.0930097543025135E-01  3.3507183437369789E-16
    7    6    1     3.9553554570370042E-01 -7.5852139239801497E-16
    7    6    2     3.9553554570370042E-01 -7.5852139239801497E-16
    7    7    1     4.1158840842009181E-01 -3.1856394142077041E-16
    7    7    2     4.1158840842009181E-01 -3.1856394142077041E-16
    7    8    1     4.1389698011172688E-01 -5.2583805365546965E-18
    7    8    2     4.1389698011172688E-01 -5.2583805365546965E-18
    8    1    1     4.1389697995923208E-01  1.5924016120473505E-15
    8    1    2     4.1389697995923208E-01  1.5924016120473505E-15
    8    2    1     3.9620789447485827E-01 -1.2894551962641665E-16
    8    2    2     3.9620789447485827E-01 -1.2894551962641665E-16
    8    3    1     4.8991726650587203E-01  3.6978747971691539E-16
    8    3    2     4.8991726650587203E-01  3.6978747971691539E-16
    8    4    1     4.4479045774151527E-01 -8.1632800291633195E-18
    8    4    2     4.4479045774151527E-01 -8.1632800291633195E-18
    8    5    1     5.5782405706436322E-01  2.2667533404767057E-16
    8    5    2     5.5782405706436322E-01  2.2667533404767057E-16
    8    6    1     5.5782405084372999E-01 -8.2065972940859044E-16
    8    6    2     5.5782405084372999E-01 -8.2065972940859044E-16
    8    7    1     4.1389698011172699E-01 -4.0650805204628382E-17
    8    7    2     4.1389698011172699E-01 -4.0650805204628382E-17
    8    8    1     4.0961758637284879E-01 -3.1797924408721992E-16
    8    8    2     4.0961758637284879E-01 -3.1797924408721992E-16
      0     -1     -1
    1    1    1     4.0961757978477753E-01  6.1700018561207682E-18
    1    1    2     4.0961757978477753E-01  6.1700018561207682E-18
    1    2    1     4.1389698307296985E-01 -8.7089894757613751E-16
    1    2    2     4.1389698307296985E-01 -8.7089894757613751E-16
    1    3    1     3.9553554324950430E-01  4.9879440923200798E-17
    1    3    2     3.9553554324950430E-01  4.9879440923200798E-17
    1    4    1     3.8720584482548381E-01  3.4754142990670207E-16
    1    4    2     3.8720584482548381E-01  3.4754142990670207E-16
    1    5    1     3.9553554359900139E-01 -8.5807148062291838E-16
    1    5    2     3.9553554359900139E-01 -8.5807148062291838E-16
    1    6    1     3.9553554282268488E-01  2.5058622711571221E-17
    1    6    2     3.9553554282268488E-01  2.5058622711571221E-17
    1    7    1     4.1389696141540289E-01 -1.8506653457969757E-16
    1    7    2     4.1389696141540289E-01 -1.8506653457969757E-16
    1    8    1     4.1389693452602871E-01 -8.5857970039127096E-16
    1    8    2     4.1389693452602871E-01 -8.5857970039127096E-16
    2    1    1     4.1389698307296996E-01  9.0434658459731532E-16
    2    1    2     4.1389698307296996E-01  9.0434658459731532E-16
    2    2    1     4.1158843453135868E-01 -5.1081639195542708E-18
    2    2    2     4.1158843453135868E-01 -5.1081639195542708E-18
    2    3    1     3.8194564471143944E-01 -1.4927837611866668E-15
    2    3    2     3.8194564471143944E-01 -1.4927837611866668E-15
    2    4    1     3.9553554585343770E-01 -9.7957666284065326E-17
    2    4    2     3.9553554585343770E-01 -9.7957666284065326E-17
    2    5    1     3.8194565825066507E-01  1.2725822999548608E-17
    2    5    2     3.8194565825066507E-01  1.2725822999548608E-17
    2    6    1     4.0930099351467908E-01 -1.3166458009039768E-15
    2    6    2     4.0930099351467908E-01 -1.3166458009039768E-15
    2    7    1     4.7111702329963223E-01 -1.9086837145521063E-15
    2    7    2     4.7111702329963223E-01 -1.9086837145521063E-15
    2    8    1     4.7111702347431678E-01  3.4086299863407554E-17
    2    8    2     4.7111702347431678E-01  3.4086299863407554E-17
    3    1    1     3.9553554324950435E-01 -2.4700793643003642E-16
    3    1    2     3.9553554324950435E-01 -2.4700793643003642E-16
    3    2    1     3.8194564471143938E-01  1.3725728453123365E-15
    3    2    2     3.8194564471143938E-01  1.3725728453123365E-15
    3    3    1     4.1158838893184957E-01 -1.5277254537296816E-19
    3    3    2     4.1158838893184957E-01 -1.5277254537296816E-19
    3    4    1     4.1389693695402230E-01 -8.5845095138328831E-16
    3    4    2     4.1389693695402230E-01 -8.5845095138328831E-16
    3    5    1     4.1389695064509074E-01 -8.7650969381874999E-17
    3    5    2     4.1389695064509074E-01 -8.7650969381874999E-17
    3    6    1     4.7111702586023185E-01  5.5616183316717360E-17
    3    6    2     4.7111702586023185E-01  5.5616183316717360E-17
    3    7    1     5.5782394893900911E-01  1.1207347035005824E-16
    3    7    2     5.5782394893900911E-01  1.1207347035005824E-16
    3    8    1     4.0930094149605867E-01  1.2749539922071729E-15
    3    8    2     4.0930094149605867E-01  1.2749539922071729E-15
    4    1    1     3.8720584482548392E-01 -4.8356136870858664E-16
    4    1    2     3.8720584482548392E-01 -4.8356136870858664E-16
    4    2    1     3.9553554585343781E-01 -2.3165334667868409E-16
    4    2    2     3.9553554585343781E-01 -2.3165334667868409E-16
    4    3    1     4.1389693695402230E-01  8.3801374043193655E-16
    4    3    2     4.1389693695402230E-01  8.3801374043193655E-16
    4    4    1     4.0961758146929705E-01 -9.1699746625198702E-18
    4    4    2     4.0961758146929705E-01 -9.1699746625198702E-18
    4    5    1     3.9620789445433913E-01  8.9142424995400371E-16
    4    5    2     3.9620789445433913E-01  8.9142424995400371E-16
    4    6    1     4.1389698306755085E-01  8.6454281233994124E-16
    4    6    2     4.1389698306755085E-01  8.6454281233994124E-16
    4    7    1     5.5782403834474270E-01 -6.9863277489534692E-18
    4    7    2     5.5782403834474270E-01 -6.9863277489534692E-18
    4    8    1     3.9553554312336775E-01 -3.9021156165758471E-16
    4    8    2     3.9553554312336775E-01 -3.9021156165758471E-16
    5    1    1     3.9553554359900139E-01  5.6043087922133528E-16
    5    1    2     3.9553554359900139E-01  5.6043087922133528E-16
    5    2    1     3.8194565825066518E-01 -2.4955623505185098E-16
    5    2    2     3.8194565825066518E-01 -2.4955623505185098E-16
    5    3    1     4.1389695064509063E-01 -5.9563356850922400E-18
    5    3    2     4.1389695064509063E-01 -5.9563356850922400E-18
    5    4    1     3.9620789445433913E-01 -8.4659926638530614E-16
    5    4    2     3.9620789445433913E-01 -8.4659926638530614E-16
    5    5    1     4.0961757981005609E-01 -1.2259138365303434E-18
    5    5    2     4.0961757981005609E-01 -1.2259138365303434E-18
    5    6    1     4.1389697384886726E-01 -6.7193429639789137E-17
    5    6    2     4.1389697384886726E-01 -6.7193429639789137E-17
    5    7    1     4.8991716104895838E-01  1.2532949362294068E-15
    5    7    2     4.8991716104895838E-01  1.2532949362294068E-15
    5    8    1     3.8194564515487972E-01 -2.8591512431274183E-16
    5    8    2     3.8194564515487972E-01 -2.8591512431274183E-16
    6    1    1     3.9553554282268488E-01 -2.5107411809333069E-16
    6    1    2     3.9553554282268488E-01 -2.5107411809333069E-16
    6    2    1     4.0930099351467908E-01  1.2500249655365316E-15
    6    2    2     4.0930099351467908E-01  1.2500249655365316E-15
    6    3    1     4.7111702586023202E-01  8.4843902194674248E-17
    6    3    2     4.7111702586023202E-01  8.4843902194674248E-17
    6    4    1     4.1389698306755074E-01 -7.8359356763674226E-16
    6    4    2     4.1389698306755074E-01 -7.8359356763674226E-16
    6    5    1     4.1389697384886742E-01  4.1118367391512756E-17
    6    5    2     4.1389697384886742E-01  4.1118367391512756E-17
    6    6    1     4.1158844125332605E-01  6.0179418299258910E-18
    6    6    2     4.1158844125332605E-01  6.0179418299258910E-18
    6    7    1     4.4479044312739957E-01  1.3176986628574139E-15
    6    7    2     4.4479044312739957E-01  1.3176986628574139E-15
    6    8    1     3.8194564632157924E-01  1.4686060527402400E-15
    6    8    2     3.8194564632157924E-01  1.4686060527402400E-15
    7    1    1     4.1389696141540289E-01 -3.5087492807062137E-17
    7    1    2     4.1389696141540289E-01 -3.5087492807062137E-17
    7    2    1     4.7111702329963223E-01  1.5898198556241194E-15
    7    2    2     4.7111702329963223E-01  1.5898198556241194E-15
    7    3    1     5.5782394893900911E-01  2.7190689343105021E-16
    7    3    2     5.5782394893900911E-01  2.7190689343105021E-16
    7    4    1     5.5782403834474281E-01  3.0458627156906837E-16
    7    4    2     5.5782403834474281E-01  3.0458627156906837E-16
    7    5    1     4.8991716104895838E-01 -1.1836167354388472E-15
    7    5    2     4.8991716104895838E-01 -1.1836167354388472E-15
    7    6    1     4.4479044312739957E-01 -1.3794575291076194E-15
    7    6    2     4.4479044312739957E-01 -1.3794575291076194E-15
    7    7    1     4.0961758102218876E-01 -1.5208298778308017E-17
    7    7    2     4.0961758102218876E-01 -1.5208298778308017E-17
    7    8    1     4.1389696052846287E-01 -6.7640663035939408E-17
    7    8    2     4.1389696052846287E-01 -6.7640663035939408E-17
    8    1    1     4.1389693452602871E-01  8.9483948679733305E-16
    8    1    2     4.1389693452602871E-01  8.9483948679733305E-16
    8    2    1     4.7111702347431678E-01  8.9853255044736180E-17
    8    2    2     4.7111702347431678E-01  8.9853255044736180E-17
    8    3    1     4.0930094149605867E-01 -1.3179900421912694E-15
    8    3    2     4.0930094149605867E-01 -1.3179900421912694E-15
    8    4    1     3.9553554312336769E-01 -3.6298326405162160E-17
    8    4    2     3.9553554312336769E-01 -3.6298326405162160E-17
    8    5    1     3.8194564515487972E-01 -8.4428009017572386E-18
    8    5    2     3.8194564515487972E-01 -8.4428009017572386E-18
    8    6    1     3.8194564632157929E-01 -1.4057494317903929E-15
    8    6    2     3.8194564632157929E-01 -1.4057494317903929E-15
    8    7    1     4.1389696052846292E-01 -1.8534436138639698E-16
    8    7    2     4.1389696052846292E-01 -1.8534436138639698E-16
    8    8    1     4.1158839637527778E-01 -6.2920737730344387E-18
    8    8    2     4.1158839637527778E-01 -6.2920737730344387E-18
      0     -1      0
    1    1    1     4.0961758466592069E-01 -3.1387711669067270E-16
    1    1    2     4.0961758466592069E-01 -3.1387711669067270E-16
    1    2    1     4.1389696503738144E-01  1.6055136820708471E-15
    1    2    2     4.1389696503738144E-01  1.6055136820708471E-15
    1    3    1     5.5782399684039385E-01 -6.1422657697616633E-16
    1    3    2     5.5782399684039385E-01 -6.1422657697616633E-16
    1    4    1     4.8991720484492984E-01  3.7354152973914645E-16
    1    4    2     4.8991720484492984E-01  3.7354152973914645E-16
    1    5    1     5.5782405134658630E-01  2.1300506931193341E-16
    1    5    2     5.5782405134658630E-01  2.1300506931193341E-16
    1    6    1     4.4479046231824326E-01  8.7318932466551313E-17
    1    6    2     4.4479046231824326E-01  8.7318932466551313E-17
    1    7    1     3.9620789250363592E-01 -1.0479559386065984E-15
    1    7    2     3.9620789250363592E-01 -1.0479559386065984E-15
    1    8    1     3.9620789431791764E-01 -1.5592860119414964E-16
    1    8    2     3.9620789431791764E-01 -1.5592860119414964E-16
    2    1    1     4.1389696503738149E-01 -1.8194538757565493E-15
    2    1    2     4.1389696503738149E-01 -1.8194538757565493E-15
    2    2    1     4.1158841907139038E-01 -3.1862745895260391E-16
    2    2    2     4.1158841907139038E-01 -3.1862745895260391E-16
    2    3    1     4.4479041318123125E-01 -7.1015242297800540E-18
    2    3    2     4.4479041318123125E-01 -7.1015242297800540E-18
    2    4    1     4.4479044941256574E-01  1.6799712662662891E-16
    2    4    2     4.4479044941256574E-01  1.6799712662662891E-16
    2    5    1     4.4479043479857744E-01 -1.2925451724557502E-15
    2    5    2     4.4479043479857744E-01 -1.2925451724557502E-15
    2    6    1     4.1557238921903861E-01 -1.2378751249411159E-15
    2    6    2     4.1557238921903861E-01 -1.2378751249411159E-15
    2    7    1     4.1389696961010453E-01  8.3754617824505218E-18
    2    7    2     4.1389696961010453E-01  8.3754617824505218E-18
    2    8    1     4.1389695351679784E-01 -1.8635741279131313E-15
    2    8    2     4.1389695351679784E-01 -1.8635741279131313E-15
    3    1    1     5.5782399684039397E-01  6.5982765448278566E-16
    3    1    2     5.5782399684039397E-01  6.5982765448278566E-16
    3    2    1     4.4479041318123119E-01 -2.0900707380089312E-16
    3    2    2     4.4479041318123119E-01 -2.0900707380089312E-16
    3    3    1     4.0961758099855927E-01 -3.0073240711246722E-16
    3    3    2     4.0961758099855927E-01 -3.0073240711246722E-16
    3    4    1     3.9620789260094191E-01 -1.8837335120577836E-16
    3    4    2     3.9620789260094191E-01 -1.8837335120577836E-16
    3    5    1     4.1389696213315103E-01 -8.4588098244603449E-17
    3    5    2     4.1389696213315103E-01 -8.4588098244603449E-17
    3    6    1     4.1389695005442556E-01 -1.8609229147882253E-15
    3    6    2     4.1389695005442556E-01 -1.8609229147882253E-15
    3    7    1     3.8194564226933236E-01 -3.3456615570418707E-16
    3    7    2     3.8194564226933236E-01 -3.3456615570418707E-16
    3    8    1     4.8991709105311954E-01 -4.1367733891184422E-16
    3    8    2     4.8991709105311954E-01 -4.1367733891184422E-16
    4    1    1     4.8991720484493001E-01 -4.1039127459297116E-16
    4    1    2     4.8991720484493001E-01 -4.1039127459297116E-16
    4    2    1     4.4479044941256590E-01 -2.4797058937459093E-16
    4    2    2     4.4479044941256590E-01 -2.4797058937459093E-16
    4    3    1     3.9620789260094197E-01 -2.1209027372889877E-16
    4    3    2     3.9620789260094197E-01 -2.1209027372889877E-16
    4    4    1     4.0961758510176549E-01 -3.0492743644979675E-16
    4    4    2     4.0961758510176549E-01 -3.0492743644979675E-16
    4    5    1     4.1389696395179387E-01 -8.0562997679251014E-17
    4    5    2     4.1389696395179387E-01 -8.0562997679251014E-17
    4    6    1     4.1389696114072128E-01 -1.9584079366877227E-15
    4    6    2     4.1389696114072128E-01 -1.9584079366877227E-15
    4    7    1     3.9553554320133427E-01  6.2389058762962746E-16
    4    7    2     3.9553554320133427E-01  6.2389058762962746E-16
    4    8    1     5.5782398477058492E-01  6.4753847696754664E-16
    4    8    2     5.5782398477058492E-01  6.4753847696754664E-16
    5    1    1     5.5782405134658641E-01 -4.0244229389946318E-17
    5    1    2     5.5782405134658641E-01 -4.0244229389946318E-17
    5    2    1     4.4479043479857744E-01  1.3105022709375413E-15
    5    2    2     4.4479043479857744E-01  1.3105022709375413E-15
    5    3    1     4.1389696213315097E-01 -1.8104821027792317E-16
    5    3    2     4.1389696213315097E-01 -1.8104821027792317E-16
    5    4    1     4.1389696395179387E-01 -2.4044893680297275E-16
    5    4    2     4.1389696395179387E-01 -2.4044893680297275E-16
    5    5    1     4.1158842048061084E-01 -3.1140106071682553E-16
    5    5    2     4.1158842048061084E-01 -3.1140106071682553E-16
    5    6    1     4.7111701642927239E-01 -1.8689205998762004E-15
    5    6    2     4.7111701642927239E-01 -1.8689205998762004E-15
    5    7    1     4.0930098889482452E-01 -4.8565438712125202E-16
    5    7    2     4.0930098889482452E-01 -4.8565438712125202E-16
    5    8    1     5.5782394286648018E-01 -7.5501552302932942E-17
    5    8    2     5.5782394286648018E-01 -7.5501552302932942E-17
    6    1    1     4.4479046231824326E-01 -1.5546103900726527E-16
    6    1    2     4.4479046231824326E-01 -1.5546103900726527E-16
    6    2    1     4.1557238921903850E-01  1.2204550453478839E-15
    6    2    2     4.1557238921903850E-01  1.2204550453478839E-15
    6    3    1     4.1389695005442562E-01  1.5528604200036253E-15
    6    3    2     4.1389695005442562E-01  1.5528604200036253E-15
    6    4    1     4.1389696114072122E-01  1.5537972384432885E-15
    6    4    2     4.1389696114072122E-01  1.5537972384432885E-15
    6    5    1     4.7111701642927234E-01  1.5849138407936225E-15
    6    5    2     4.7111701642927234E-01  1.5849138407936225E-15
    6    6    1     4.1158841998916507E-01 -3.1020305209743002E-16
    6    6    2     4.1158841998916507E-01 -3.1020305209743002E-16
    6    7    1     3.8194565728997537E-01 -3.2053081976818332E-16
    6    7    2     3.8194565728997537E-01 -3.2053081976818332E-16
    6    8    1     4.4479042101993693E-01 -2.9777612667314379E-16
    6    8    2     4.4479042101993693E-01 -2.9777612667314379E-16
    7    1    1     3.9620789250363592E-01  7.9676662403244114E-16
    7    1    2     3.9620789250363592E-01  7.9676662403244114E-16
    7    2    1     4.1389696961010458E-01  9.6304257971024931E-17
    7    2    2     4.1389696961010458E-01  9.6304257971024931E-17
    7    3    1     3.8194564226933231E-01  1.5269251181916459E-16
    7    3    2     3.8194564226933231E-01  1.5269251181916459E-16
    7    4    1     3.9553554320133433E-01 -7.7354436875051724E-16
    7    4    2     3.9553554320133433E-01 -7.7354436875051724E-16
    7    5    1     4.0930098889482458E-01  4.7491019770180484E-16
    7    5    2     4.0930098889482458E-01  4.7491019770180484E-16
    7    6    1     3.8194565728997532E-01  8.6925909179025318E-17
    7    6    2     3.8194565728997532E-01  8.6925909179025318E-17
    7    7    1     4.1158841484988862E-01 -3.2679395759731113E-16
    7    7    2     4.1158841484988862E-01 -3.2679395759731113E-16
    7    8    1     4.1389695227347950E-01 -9.1886134118146501E-17
    7    8    2     4.1389695227347950E-01 -9.1886134118146501E-17
    8    1    1     3.9620789431791775E-01 -1.7198156961051314E-16
    8    1    2     3.9620789431791775E-01 -1.7198156961051314E-16
    8    2    1     4.1389695351679784E-01  1.6042600733089107E-15
    8    2    2     4.1389695351679784E-01  1.6042600733089107E-15
    8    3    1     4.8991709105311948E-01  5.0162646389115273E-16
    8    3    2     4.8991709105311948E-01  5.0162646389115273E-16
    8    4    1     5.5782398477058481E-01 -5.8950062645462924E-16
    8    4    2     5.5782398477058481E-01 -5.8950062645462924E-16
    8    5    1     5.5782394286648018E-01  1.7208575466302542E-16
    8    5    2     5.5782394286648018E-01  1.7208575466302542E-16
    8    6    1     4.4479042101993693E-01 -5.6730878675304020E-17
    8    6    2     4.4479042101993693E-01 -5.6730878675304020E-17
    8    7    1     4.1389695227347956E-01 -4.7095031867339099E-18
    8    7    2     4.1389695227347956E-01 -4.7095031867339099E-18
    8    8    1     4.0961757852407982E-01 -3.2303648285152930E-16
    8    8    2     4.0961757852407982E-01 -3.2303648285152930E-16
      0      0     -1
    1    1    1     4.0961757912958630E-01 -3.0012943169167105E-16
    1    1    2     4.0961757912958630E-01 -3.0012943169167105E-16
    1    2    1     3.9620789377183974E-01 -1.0528958347549855E-16
    1    2    2     3.9620789377183974E-01 -1.0528958347549855E-16
    1    3    1     4.4479037810890909E-01  1.0766741671667818E-16
    1    3    2     4.4479037810890909E-01  1.0766741671667818E-16
    1    4    1     4.8991708166879633E-01  3.4221486321789341E-16
    1    4    2     4.8991708166879633E-01  3.4221486321789341E-16
    1    5    1     5.5782394698767968E-01  1.8388068845354155E-16
    1    5    2     5.5782394698767968E-01  1.8388068845354155E-16
    1    6    1     5.5782399061146115E-01 -8.1584858226818602E-16
    1    6    2     5.5782399061146115E-01 -8.1584858226818602E-16
    1    7    1     6.9736219126991938E-01  1.8660000302740676E-15
    1    7    2     6.9736219126991938E-01  1.8660000302740676E-15
    1    8    1     4.1389693967036112E-01  1.5985341305854717E-15
    1    8    2     4.1389693967036112E-01  1.5985341305854717E-15
    2    1    1     3.9620789377183974E-01 -1.5974363758858301E-16
    2    1    2     3.9620789377183974E-01 -1.5974363758858301E-16
    2    2    1     4.0961758093354089E-01 -3.1371995495157095E-16
    2    2    2     4.0961758093354089E-01 -3.1371995495157095E-16
    2    3    1     4.4479043178190492E-01 -8.8308266948944336E-17
    2    3    2     4.4479043178190492E-01 -8.8308266948944336E-17
    2    4    1     5.5782399355060752E-01 -6.5035867316542983E-16
    2    4    2     5.5782399355060752E-01 -6.5035867316542983E-16
    2    5    1     5.5782408821361817E-01  1.6683160929120699E-16
    2    5    2     5.5782408821361817E-01  1.6683160929120699E-16
    2    6    1     4.8991723096342144E-01  3.7297825282922234E-16
    2    6    2     4.8991723096342144E-01  3.7297825282922234E-16
    2    7    1     6.9736219671978972E-01  1.9447605418415614E-15
    2    7    2     6.9736219671978972E-01  1.9447605418415614E-15
    2    8    1     4.1389696194404096E-01  1.5754355421138469E-15
    2    8    2     4.1389696194404096E-01  1.5754355421138469E-15
    3    1    1     4.4479037810890915E-01 -1.7065299843274477E-16
    3    1    2     4.4479037810890915E-01 -1.7065299843274477E-16
    3    2    1     4.4479043178190492E-01 -2.9411694434100522E-16
    3    2    2     4.4479043178190492E-01 -2.9411694434100522E-16
    3    3    1     4.1158839900845923E-01 -3.0109394494394025E-16
    3    3    2     4.1158839900845923E-01 -3.0109394494394025E-16
    3    4    1     4.1389694420338574E-01  1.5323097066373415E-15
    3    4    2     4.1389694420338574E-01  1.5323097066373415E-15
    3    5    1     4.7111702689697516E-01  1.6441722657835334E-15
    3    5    2     4.7111702689697516E-01  1.6441722657835334E-15
    3    6    1     4.1389696600076725E-01  1.5835755287369607E-15
    3    6    2     4.1389696600076725E-01  1.5835755287369607E-15
    3    7    1     4.4479042277648934E-01 -1.2108183515069718E-15
    3    7    2     4.4479042277648934E-01 -1.2108183515069718E-15
    3    8    1     4.1557236392347552E-01  1.2416825380390240E-15
    3    8    2     4.1557236392347552E-01  1.2416825380390240E-15
    4    1    1     4.8991708166879644E-01 -4.1353546089317912E-16
    4    1    2     4.8991708166879644E-01 -4.1353546089317912E-16
    4    2    1     5.5782399355060752E-01  6.7116180234999545E-16
    4    2    2     5.5782399355060752E-01  6.7116180234999545E-16
    4    3    1     4.1389694420338580E-01 -1.9525261399019889E-15
    4    3    2     4.1389694420338580E-01 -1.9525261399019889E-15
    4    4    1     4.0961758176490881E-01 -3.1251361986407883E-16
    4    4    2     4.0961758176490881E-01 -3.1251361986407883E-16
    4    5    1     4.1389697478792242E-01 -2.3967644275507682E-17
    4    5    2     4.1389697478792242E-01 -2.3967644275507682E-17
    4    6    1     3.9620789411056290E-01 -2.2974244034967839E-16
    4    6    2     3.9620789411056290E-01 -2.2974244034967839E-16
    4    7    1     4.4479044176397148E-01 -1.1187204591520117E-15
    4    7    2     4.4479044176397148E-01 -1.1187204591520117E-15
    4    8    1     4.4479039764499223E-01 -6.3920917848072148E-17
    4    8    2     4.4479039764499223E-01 -6.3920917848072148E-17
    5    1    1     5.5782394698767979E-01 -8.9412797912163944E-17
    5    1    2     5.5782394698767979E-01 -8.9412797912163944E-17
    5    2    1     5.5782408821361817E-01 -4.5577148825859393E-17
    5    2    2     5.5782408821361817E-01 -4.5577148825859393E-17
    5    3    1     4.7111702689697504E-01 -1.8331554807113348E-15
    5    3    2     4.7111702689697504E-01 -1.8331554807113348E-15
    5    4    1     4.1389697478792242E-01 -1.6954211472242076E-16
    5    4    2     4.1389697478792242E-01 -1.6954211472242076E-16
    5    5    1     4.1158842691959996E-01 -3.1011749754476993E-16
    5    5    2     4.1158842691959996E-01 -3.1011749754476993E-16
    5    6    1     4.1389695595479392E-01 -1.9038590148845458E-16
    5    6    2     4.1389695595479392E-01 -1.9038590148845458E-16
    5    7    1     4.1557237951240161E-01 -1.8962526590182022E-15
    5    7    2     4.1557237951240161E-01 -1.8962526590182022E-15
    5    8    1     4.4479043157169201E-01  1.3032241403382588E-15
    5    8    2     4.4479043157169201E-01  1.3032241403382588E-15
    6    1    1     5.5782399061146126E-01  7.5201617936310194E-16
    6    1    2     5.5782399061146126E-01  7.5201617936310194E-16
    6    2    1     4.8991723096342155E-01 -3.8047788254421192E-16
    6    2    2     4.8991723096342155E-01 -3.8047788254421192E-16
    6    3    1     4.1389696600076731E-01 -1.8455103032799861E-15
    6    3    2     4.1389696600076731E-01 -1.8455103032799861E-15
    6    4    1     3.9620789411056279E-01 -9.5667289194689697E-17
    6    4    2     3.9620789411056279E-01 -9.5667289194689697E-17
    6    5    1     4.1389695595479398E-01 -2.1122968825448840E-16
    6    5    2     4.1389695595479398E-01 -2.1122968825448840E-16
    6    6    1     4.0961757768669604E-01 -3.0201092178645597E-16
    6    6    2     4.0961757768669604E-01 -3.0201092178645597E-16
    6    7    1     4.4479041329252367E-01 -1.1327879823400111E-15
    6    7    2     4.4479041329252367E-01 -1.1327879823400111E-15
    6    8    1     4.4479044563295300E-01 -1.2365325777197178E-16
    6    8    2     4.4479044563295300E-01 -1.2365325777197178E-16
    7    1    1     6.9736219126991938E-01 -1.5542173667851267E-15
    7    1    2     6.9736219126991938E-01 -1.5542173667851267E-15
    7    2    1     6.9736219671978972E-01 -1.5886543382886975E-15
    7    2    2     6.9736219671978972E-01 -1.5886543382886975E-15
    7    3    1     4.4479042277648922E-01  1.0218296308650131E-15
    7    3    2     4.4479042277648922E-01  1.0218296308650131E-15
    7    4    1     4.4479044176397153E-01  9.8897534042338697E-16
    7    4    2     4.4479044176397153E-01  9.8897534042338697E-16
    7    5    1     4.1557237951240161E-01  1.8647574329404455E-15
    7    5    2     4.1557237951240161E-01  1.8647574329404455E-15
    7    6    1     4.4479041329252356E-01  9.4730809568205343E-16
    7    6    2     4.4479041329252356E-01  9.4730809568205343E-16
    7    7    1     4.1158842636407661E-01 -3.1698246706234428E-16
    7    7    2     4.1158842636407661E-01 -3.1698246706234428E-16
    7    8    1     6.9736219115628884E-01 -1.6029387019111940E-15
    7    8    2     6.9736219115628884E-01 -1.6029387019111940E-15
    8    1    1     4.1389693967036123E-01 -1.8376888010450398E-15
    8    1    2     4.1389693967036123E-01 -1.8376888010450398E-15
    8    2    1     4.1389696194404096E-01 -1.8925562072363844E-15
    8    2    2     4.1389696194404096E-01 -1.8925562072363844E-15
    8    3    1     4.1557236392347552E-01 -1.3024859511247266E-15
    8    3    2     4.1557236392347552E-01 -1.3024859511247266E-15
    8    4    1     4.4479039764499206E-01  1.4373344433605585E-16
    8    4    2     4.4479039764499206E-01  1.4373344433605585E-16
    8    5    1     4.4479043157169201E-01 -1.3782691418826216E-15
    8    5    2     4.4479043157169201E-01 -1.3782691418826216E-15
    8    6    1     4.4479044563295300E-01  1.0709206958725570E-16
    8    6    2     4.4479044563295300E-01  1.0709206958725570E-16
    8    7    1     6.9736219115628884E-01  1.8046070822570759E-15
    8    7    2     6.9736219115628884E-01  1.8046070822570759E-15
    8    8    1     4.1158840258039719E-01 -3.0960005623624318E-16
    8    8    2     4.1158840258039719E-01 -3.0960005623624318E-16
      0      0      0
    1    1    1     1.0283501182266994E+00  3.9296995381468376E-18
    1    1    2     1.0283501182266994E+00  3.9296995381468376E-18
    1    2    1     6.9736219695232460E-01 -5.9902170029824120E-18
    1    2    2     6.9736219695232460E-01 -5.9902170029824120E-18
    1    3    1     5.5782403000018588E-01  9.7803273353604548E-16
    1    3    2     5.5782403000018588E-01  9.7803273353604548E-16
    1    4    1     4.8991719795719901E-01  1.8379602751046348E-15
    1    4    2     4.8991719795719901E-01  1.8379602751046348E-15
    1    5    1     4.4479044976988019E-01  1.0425349277441709E-15
    1    5    2     4.4479044976988019E-01  1.0425349277441709E-15
    1    6    1     5.5782399663636406E-01  1.1156440354875841E-15
    1    6    2     5.5782399663636406E-01  1.1156440354875841E-15
    1    7    1     4.1389697746855375E-01 -9.3614081330545273E-17
    1    7    2     4.1389697746855375E-01 -9.3614081330545273E-17
    1    8    1     6.9736219030041524E-01  2.3256136599814070E-17
    1    8    2     6.9736219030041524E-01  2.3256136599814070E-17
    2    1    1     6.9736219695232471E-01  3.7730235602495554E-17
    2    1    2     6.9736219695232471E-01  3.7730235602495554E-17
    2    2    1     1.0283500772927208E+00 -6.4416689384280766E-18
    2    2    2     1.0283500772927208E+00 -6.4416689384280766E-18
    2    3    1     5.5782397539214168E-01  1.0227279093055763E-15
    2    3    2     5.5782397539214168E-01  1.0227279093055763E-15
    2    4    1     5.5782401512943292E-01  9.6873464111579821E-16
    2    4    2     5.5782401512943292E-01  9.6873464111579821E-16
    2    5    1     4.4479043142244773E-01  9.8232782585333522E-16
    2    5    2     4.4479043142244773E-01  9.8232782585333522E-16
    2    6    1     4.8991712942657151E-01  1.8933964639200607E-15
    2    6    2     4.8991712942657151E-01  1.8933964639200607E-15
    2    7    1     4.1389696247980773E-01 -3.5155255442842481E-17
    2    7    2     4.1389696247980773E-01 -3.5155255442842481E-17
    2    8    1     6.9736219589249782E-01  1.3938774180016766E-17
    2    8    2     6.9736219589249782E-01  1.3938774180016766E-17
    3    1    1     5.5782403000018588E-01 -1.0010616535477586E-15
    3    1    2     5.5782403000018588E-01 -1.0010616535477586E-15
    3    2    1     5.5782397539214168E-01 -1.0980528552390068E-15
    3    2    2     5.5782397539214168E-01 -1.0980528552390068E-15
    3    3    1     1.0283501801829487E+00 -5.8788478434682769E-18
    3    3    2     1.0283501801829487E+00 -5.8788478434682769E-18
    3    4    1     6.9736217361999375E-01 -5.0794871780945883E-17
    3    4    2     6.9736217361999375E-01 -5.0794871780945883E-17
    3    5    1     6.9736218910119130E-01 -1.7857013068743599E-15
    3    5    2     6.9736218910119130E-01 -1.7857013068743599E-15
    3    6    1     6.9736218786515913E-01  4.3064849104303138E-17
    3    6    2     6.9736218786515913E-01  4.3064849104303138E-17
    3    7    1     4.4479042133911495E-01  1.3343301547767521E-15
    3    7    2     4.4479042133911495E-01  1.3343301547767521E-15
    3    8    1     4.8991713898112588E-01 -1.7011674187383807E-15
    3    8    2     4.8991713898112588E-01 -1.7011674187383807E-15
    4    1    1     4.8991719795719912E-01 -1.7675231327933354E-15
    4    1    2     4.8991719795719912E-01 -1.7675231327933354E-15
    4    2    1     5.5782401512943292E-01 -1.0349251837460383E-15
    4    2    2     5.5782401512943292E-01 -1.0349251837460383E-15
    4    3    1     6.9736217361999375E-01 -2.0897996874658098E-17
    4    3    2     6.9736217361999375E-01 -2.0897996874658098E-17
    4    4    1     1.0283501268593374E+00  8.6081632259637842E-18
    4    4    2     1.0283501268593374E+00  8.6081632259637842E-18
    4    5    1     6.9736219909757735E-01 -1.7885337850499783E-15
    4    5    2     6.9736219909757735E-01 -1.7885337850499783E-15
    4    6    1     6.9736220028883811E-01 -2.6251245101305276E-17
    4    6    2     6.9736220028883811E-01 -2.6251245101305276E-17
    4    7    1     5.5782397560969266E-01 -1.5043982769594177E-16
    4    7    2     5.5782397560969266E-01 -1.5043982769594177E-16
    4    8    1     5.5782402664309216E-01 -1.0434103362951582E-15
    4    8    2     5.5782402664309216E-01 -1.0434103362951582E-15
    5    1    1     4.4479044976988030E-01 -1.1073973227131162E-15
    5    1    2     4.4479044976988030E-01 -1.1073973227131162E-15
    5    2    1     4.4479043142244784E-01 -1.0348845261645701E-15
    5    2    2     4.4479043142244784E-01 -1.0348845261645701E-15
    5    3    1     6.9736218910119119E-01  1.7446778071729396E-15
    5    3    2     6.9736218910119119E-01  1.7446778071729396E-15
    5    4    1     6.9736219909757735E-01  1.6299895461147074E-15
    5    4    2     6.9736219909757735E-01  1.6299895461147074E-15
    5    5    1     1.0283500703965531E+00 -6.0701827387175794E-18
    5    5    2     1.0283500703965531E+00 -6.0701827387175794E-18
    5    6    1     6.9736221446249713E-01  1.7853015073232559E-15
    5    6    2     6.9736221446249713E-01  1.7853015073232559E-15
    5    7    1     4.8991719261445704E-01  1.2151729478888061E-15
    5    7    2     4.8991719261445704E-01  1.2151729478888061E-15
    5    8    1     4.4479042768203697E-01 -1.1045707737681286E-15
    5    8    2     4.4479042768203697E-01 -1.1045707737681286E-15
    6    1    1     5.5782399663636417E-01 -1.0294906203564547E-15
    6    1    2     5.5782399663636417E-01 -1.0294906203564547E-15
    6    2    1     4.8991712942657151E-01 -1.8242701050946372E-15
    6    2    2     4.8991712942657151E-01 -1.8242701050946372E-15
    6    3    1     6.9736218786515902E-01 -9.7053035096397733E-18
    6    3    2     6.9736218786515902E-01 -9.7053035096397733E-18
    6    4    1     6.9736220028883800E-01  1.6832238727837456E-17
    6    4    2     6.9736220028883800E-01  1.6832238727837456E-17
    6    5    1     6.9736221446249702E-01 -1.6741978896978038E-15
    6    5    2     6.9736221446249702E-01 -1.6741978896978038E-15
    6    6    1     1.0283500474584586E+00  6.7652865484743141E-18
    6    6    2     1.0283500474584586E+00  6.7652865484743141E-18
    6    7    1     5.5782408974346565E-01 -8.4757504834054309E-17
    6    7    2     5.5782408974346565E-01 -8.4757504834054309E-17
    6    8    1     5.5782394016233705E-01 -8.9934570207672593E-16
    6    8    2     5.5782394016233705E-01 -8.9934570207672593E-16
    7    1    1     4.1389697746855375E-01  2.0152607881074314E-17
    7    1    2     4.1389697746855375E-01  2.0152607881074314E-17
    7    2    1     4.1389696247980778E-01 -7.9743069786308851E-17
    7    2    2     4.1389696247980778E-01 -7.9743069786308851E-17
    7    3    1     4.4479042133911489E-01 -1.2562819979178991E-15
    7    3    2     4.4479042133911489E-01 -1.2562819979178991E-15
    7    4    1     5.5782397560969277E-01  1.7695534707679039E-16
    7    4    2     5.5782397560969277E-01  1.7695534707679039E-16
    7    5    1     4.8991719261445710E-01 -1.2559203148494215E-15
    7    5    2     4.8991719261445710E-01 -1.2559203148494215E-15
    7    6    1     5.5782408974346542E-01 -6.0755979240656455E-17
    7    6    2     5.5782408974346542E-01 -6.0755979240656455E-17
    7    7    1     1.0283501044581695E+00 -6.6222601199676785E-18
    7    7    2     1.0283501044581695E+00 -6.6222601199676785E-18
    7    8    1     4.7111702629682134E-01  1.7346218320231366E-15
    7    8    2     4.7111702629682134E-01  1.7346218320231366E-15
    8    1    1     6.9736219030041524E-01  2.9510627882339824E-17
    8    1    2     6.9736219030041524E-01  2.9510627882339824E-17
    8    2    1     6.9736219589249782E-01 -6.6963036678135968E-17
    8    2    2     6.9736219589249782E-01 -6.6963036678135968E-17
    8    3    1     4.8991713898112588E-01  1.7424822977736565E-15
    8    3    2     4.8991713898112588E-01  1.7424822977736565E-15
    8    4    1     5.5782402664309205E-01  9.4131152593196661E-16
    8    4    2     5.5782402664309205E-01  9.4131152593196661E-16
    8    5    1     4.4479042768203697E-01  1.0498833620780756E-15
    8    5    2     4.4479042768203697E-01  1.0498833620780756E-15
    8    6    1     5.5782394016233705E-01  1.1232876608036069E-15
    8    6    2     5.5782394016233705E-01  1.1232876608036069E-15
    8    7    1     4.7111702629682134E-01 -1.6933814918872192E-15
    8    7    2     4.7111702629682134E-01 -1.6933814918872192E-15
    8    8    1     1.0283501311279224E+00  4.8272260684386428E-18
    8    8    2     1.0283501311279224E+00  4.8272260684386428E-18
