     -1     -1     -1
    1    1    1    -3.1933629850836656E-02  2.3097097452442977E-09
    1    1    2    -3.1933629850836656E-02  2.3097097452442977E-09
    1    2    1    -3.0878550677563746E-02 -5.5145576173442549E-10
    1    2    2    -3.0878550677563746E-02 -5.5145576173442549E-10
    1    3    1    -2.3482673438870231E-02  1.3809870855819426E-09
    1    3    2    -2.3482673438870231E-02  1.3809870855819426E-09
    1    4    1    -2.2432196657012918E-02 -6.1651108719606021E-09
    1    4    2    -2.2432196657012918E-02 -6.1651108719606021E-09
    1    5    1    -2.1793111961282429E-02 -5.1723092306900560E-09
    1    5    2    -2.1793111961282429E-02 -5.1723092306900560E-09
    1    6    1    -2.3482683535772715E-02 -3.8254588675867211E-09
    1    6    2    -2.3482683535772715E-02 -3.8254588675867211E-09
    1    7    1    -9.0707368777723750E-03 -6.5498924291034974E-09
    1    7    2    -9.0707368777723750E-03 -6.5498924291034974E-09
    1    8    1    -3.0878565229920243E-02 -3.5760216992312055E-09
    1    8    2    -3.0878565229920243E-02 -3.5760216992312055E-09
    2    1    1    -3.0878550057595711E-02  5.0318693723999837E-10
    2    1    2    -3.0878550057595711E-02  5.0318693723999837E-10
    2    2    1    -3.1933629941449562E-02 -5.5565920528768237E-09
    2    2    2    -3.1933629941449562E-02 -5.5565920528768237E-09
    2    3    1    -2.3482677165758636E-02 -5.0174506979275561E-09
    2    3    2    -2.3482677165758636E-02 -5.0174506979275561E-09
    2    4    1    -2.3482691006081871E-02  4.6119357862588802E-09
    2    4    2    -2.3482691006081871E-02  4.6119357862588802E-09
    2    5    1    -2.1793115938010428E-02  3.6973286838233653E-10
    2    5    2    -2.1793115938010428E-02  3.6973286838233653E-10
    2    6    1    -2.2432192435921764E-02  5.9292809494266670E-09
    2    6    2    -2.2432192435921764E-02  5.9292809494266670E-09
    2    7    1    -9.0707431682597629E-03  1.7376713958418364E-08
    2    7    2    -9.0707431682597629E-03  1.7376713958418364E-08
    2    8    1    -3.0878564537042356E-02  7.5152755840774614E-09
    2    8    2    -3.0878564537042356E-02  7.5152755840774614E-09
    3    1    1    -2.3482707456428577E-02 -1.0348345848373233E-08
    3    1    2    -2.3482707456428577E-02 -1.0348345848373233E-08
    3    2    1    -2.3482705784726696E-02 -1.5392731153193414E-08
    3    2    2    -2.3482705784726696E-02 -1.5392731153193414E-08
    3    3    1    -3.1933617967389485E-02 -1.2780291651180749E-08
    3    3    2    -3.1933617967389485E-02 -1.2780291651180749E-08
    3    4    1    -3.0878584813250183E-02  3.1002768699996586E-08
    3    4    2    -3.0878584813250183E-02  3.1002768699996586E-08
    3    5    1    -3.0878549601693589E-02  1.2544740021319363E-08
    3    5    2    -3.0878549601693589E-02  1.2544740021319363E-08
    3    6    1    -3.0878584204848507E-02  7.6448267762209043E-09
    3    6    2    -3.0878584204848507E-02  7.6448267762209043E-09
    3    7    1    -2.1793114482073276E-02  1.6066860308429051E-08
    3    7    2    -2.1793114482073276E-02  1.6066860308429051E-08
    3    8    1    -2.2432199700961598E-02  1.9929742879620116E-08
    3    8    2    -2.2432199700961598E-02  1.9929742879620116E-08
    4    1    1    -2.2432188833809881E-02  1.4590133826435574E-08
    4    1    2    -2.2432188833809881E-02  1.4590133826435574E-08
    4    2    1    -2.3482660479935771E-02  1.1436986624295179E-08
    4    2    2    -2.3482660479935771E-02  1.1436986624295179E-08
    4    3    1    -3.0878586283105306E-02  3.6945649539994849E-09
    4    3    2    -3.0878586283105306E-02  3.6945649539994849E-09
    4    4    1    -3.1933625595167402E-02  3.5184858414224876E-09
    4    4    2    -3.1933625595167402E-02  3.5184858414224876E-09
    4    5    1    -3.0878603499694037E-02 -9.8294073466625759E-09
    4    5    2    -3.0878603499694037E-02 -9.8294073466625759E-09
    4    6    1    -3.0878568753173602E-02  5.1537841512771512E-09
    4    6    2    -3.0878568753173602E-02  5.1537841512771512E-09
    4    7    1    -2.3482662638212387E-02 -8.8816937830781591E-10
    4    7    2    -2.3482662638212387E-02 -8.8816937830781591E-10
    4    8    1    -2.3482643392778963E-02  1.5141997423909980E-08
    4    8    2    -2.3482643392778963E-02  1.5141997423909980E-08
    5    1    1    -2.1793125955382336E-02 -3.7961540435435212E-09
    5    1    2    -2.1793125955382336E-02 -3.7961540435435212E-09
    5    2    1    -2.1793132771500523E-02 -1.9644269472408231E-09
    5    2    2    -2.1793132771500523E-02 -1.9644269472408231E-09
    5    3    1    -3.0878559439913283E-02 -9.8183664582780902E-09
    5    3    2    -3.0878559439913283E-02 -9.8183664582780902E-09
    5    4    1    -3.0878572898971831E-02 -1.8179061250594118E-09
    5    4    2    -3.0878572898971831E-02 -1.8179061250594118E-09
    5    5    1    -3.1933627196776893E-02 -3.2226007493964482E-10
    5    5    2    -3.1933627196776893E-02 -3.2226007493964482E-10
    5    6    1    -3.0878584308965465E-02  1.9499581194190401E-09
    5    6    2    -3.0878584308965465E-02  1.9499581194190401E-09
    5    7    1    -2.2432200456350280E-02  7.5599084253706089E-09
    5    7    2    -2.2432200456350280E-02  7.5599084253706089E-09
    5    8    1    -2.1793111454693672E-02 -4.6395717875843628E-09
    5    8    2    -2.1793111454693672E-02 -4.6395717875843628E-09
    6    1    1    -2.3482672914656035E-02 -5.8425712966660506E-09
    6    1    2    -2.3482672914656035E-02 -5.8425712966660506E-09
    6    2    1    -2.2432185966294049E-02 -3.4755190737675432E-09
    6    2    2    -2.2432185966294049E-02 -3.4755190737675432E-09
    6    3    1    -3.0878581273799752E-02 -6.0428238836565771E-09
    6    3    2    -3.0878581273799752E-02 -6.0428238836565771E-09
    6    4    1    -3.0878566697789097E-02  2.3937433968188775E-09
    6    4    2    -3.0878566697789097E-02  2.3937433968188775E-09
    6    5    1    -3.0878586786732647E-02  9.8994035054543721E-09
    6    5    2    -3.0878586786732647E-02  9.8994035054543721E-09
    6    6    1    -3.1933626978357457E-02  1.8539169217836984E-09
    6    6    2    -3.1933626978357457E-02  1.8539169217836984E-09
    6    7    1    -2.3482670725046208E-02  2.8821971689450745E-09
    6    7    2    -2.3482670725046208E-02  2.8821971689450745E-09
    6    8    1    -2.3482657741957298E-02 -1.8570831945458901E-08
    6    8    2    -2.3482657741957298E-02 -1.8570831945458901E-08
    7    1    1    -9.0707338032550398E-03 -5.6087042978233677E-09
    7    1    2    -9.0707338032550398E-03 -5.6087042978233677E-09
    7    2    1    -9.0707392738365103E-03  1.9485567076077360E-08
    7    2    2    -9.0707392738365103E-03  1.9485567076077360E-08
    7    3    1    -2.1793076732642139E-02  3.9273946890131599E-09
    7    3    2    -2.1793076732642139E-02  3.9273946890131599E-09
    7    4    1    -2.3482701138978823E-02  7.6214465964685469E-09
    7    4    2    -2.3482701138978823E-02  7.6214465964685469E-09
    7    5    1    -2.2432194622036453E-02 -3.1650342911322449E-09
    7    5    2    -2.2432194622036453E-02 -3.1650342911322449E-09
    7    6    1    -2.3482705477583240E-02  1.0337486518652208E-09
    7    6    2    -2.3482705477583240E-02  1.0337486518652208E-09
    7    7    1    -3.1933619885518662E-02 -5.4494601576516553E-11
    7    7    2    -3.1933619885518662E-02 -5.4494601576516553E-11
    7    8    1    -6.4558442852788306E-03  8.9100426226706867E-09
    7    8    2    -6.4558442852788306E-03  8.9100426226706867E-09
    8    1    1    -3.0878595855490479E-02  6.2119186180429600E-10
    8    1    2    -3.0878595855490479E-02  6.2119186180429600E-10
    8    2    1    -3.0878592308050470E-02 -5.8908827509810836E-09
    8    2    2    -3.0878592308050470E-02 -5.8908827509810836E-09
    8    3    1    -2.2432197856490262E-02  4.3039497573193835E-10
    8    3    2    -2.2432197856490262E-02  4.3039497573193835E-10
    8    4    1    -2.3482719201945793E-02  6.1309251802256186E-09
    8    4    2    -2.3482719201945793E-02  6.1309251802256186E-09
    8    5    1    -2.1793115977816597E-02  5.0688602340147412E-09
    8    5    2    -2.1793115977816597E-02  5.0688602340147412E-09
    8    6    1    -2.3482718418475455E-02  2.9748781146471197E-09
    8    6    2    -2.3482718418475455E-02  2.9748781146471197E-09
    8    7    1    -6.4558796543368255E-03  7.9684742993003173E-09
    8    7    2    -6.4558796543368255E-03  7.9684742993003173E-09
    8    8    1    -3.1933625463504450E-02  1.4796104338023490E-09
    8    8    2    -3.1933625463504450E-02  1.4796104338023490E-09
     -1     -1      0
    1    1    1    -1.1754650681851601E-02 -7.0425200922759957E-09
    1    1    2    -1.1754650681851601E-02 -7.0425200922759957E-09
    1    2    1    -6.3060777164340616E-03 -6.8978634867079564E-09
    1    2    2    -6.3060777164340616E-03 -6.8978634867079564E-09
    1    3    1    -2.1793100871927300E-02  3.1011803607823154E-09
    1    3    2    -2.1793100871927300E-02  3.1011803607823154E-09
    1    4    1    -2.2432186296662875E-02  4.2818023407096406E-10
    1    4    2    -2.2432186296662875E-02  4.2818023407096406E-10
    1    5    1    -2.3482666725764940E-02  9.8800622876180771E-09
    1    5    2    -2.3482666725764940E-02  9.8800622876180771E-09
    1    6    1    -2.3482677804873023E-02  7.9169881692369316E-10
    1    6    2    -2.3482677804873023E-02  7.9169881692369316E-10
    1    7    1    -3.0878562466755365E-02  6.4887824491799070E-10
    1    7    2    -3.0878562466755365E-02  6.4887824491799070E-10
    1    8    1    -9.0707268333093637E-03 -2.3806765515039618E-09
    1    8    2    -9.0707268333093637E-03 -2.3806765515039618E-09
    2    1    1    -6.3060792848905513E-03  9.5224731732116395E-11
    2    1    2    -6.3060792848905513E-03  9.5224731732116395E-11
    2    2    1    -1.1754666607771191E-02  8.7523021457618466E-09
    2    2    2    -1.1754666607771191E-02  8.7523021457618466E-09
    2    3    1    -2.1793108742841724E-02 -9.3963210474244880E-09
    2    3    2    -2.1793108742841724E-02 -9.3963210474244880E-09
    2    4    1    -2.3482674117052727E-02 -5.1117845331112447E-09
    2    4    2    -2.3482674117052727E-02 -5.1117845331112447E-09
    2    5    1    -2.3482672265003814E-02 -1.4953354167579383E-08
    2    5    2    -2.3482672265003814E-02 -1.4953354167579383E-08
    2    6    1    -2.2432195838358659E-02 -9.0116084151922663E-09
    2    6    2    -2.2432195838358659E-02 -9.0116084151922663E-09
    2    7    1    -3.0878556552206029E-02 -2.3649776214262289E-09
    2    7    2    -3.0878556552206029E-02 -2.3649776214262289E-09
    2    8    1    -9.0707309389367920E-03  7.6462931606904535E-09
    2    8    2    -9.0707309389367920E-03  7.6462931606904535E-09
    3    1    1    -2.1793138484867722E-02  1.4028545829204270E-08
    3    1    2    -2.1793138484867722E-02  1.4028545829204270E-08
    3    2    1    -2.1793145083643883E-02  1.7581901256004634E-08
    3    2    2    -2.1793145083643883E-02  1.7581901256004634E-08
    3    3    1    -4.4751066878189819E-03  7.8754899830941902E-09
    3    3    2    -4.4751066878189819E-03  7.8754899830941902E-09
    3    4    1    -9.0707356460358116E-03 -3.0408487163258543E-08
    3    4    2    -9.0707356460358116E-03 -3.0408487163258543E-08
    3    5    1    -6.4558901160300872E-03 -1.7371450622190191E-08
    3    5    2    -6.4558901160300872E-03 -1.7371450622190191E-08
    3    6    1    -9.0707414266002415E-03 -5.5591253188531193E-09
    3    6    2    -9.0707414266002415E-03 -5.5591253188531193E-09
    3    7    1    -2.1793115900224765E-02 -1.0445624271329904E-08
    3    7    2    -2.1793115900224765E-02 -1.0445624271329904E-08
    3    8    1    -2.0252528300120771E-02 -1.4458212445563111E-08
    3    8    2    -2.0252528300120771E-02 -1.4458212445563111E-08
    4    1    1    -2.2432187426771499E-02 -3.6636255285216014E-09
    4    1    2    -2.2432187426771499E-02 -3.6636255285216014E-09
    4    2    1    -2.3482694784258039E-02 -4.6987412142676991E-09
    4    2    2    -2.3482694784258039E-02 -4.6987412142676991E-09
    4    3    1    -9.0707518881799759E-03 -1.4270715291475665E-08
    4    3    2    -9.0707518881799759E-03 -1.4270715291475665E-08
    4    4    1    -1.1754654141269895E-02  2.6494416147518050E-10
    4    4    2    -1.1754654141269895E-02  2.6494416147518050E-10
    4    5    1    -9.0707426611285613E-03 -8.5285398020710406E-10
    4    5    2    -9.0707426611285613E-03 -8.5285398020710406E-10
    4    6    1    -6.3060566237029339E-03  2.8414554594191578E-09
    4    6    2    -6.3060566237029339E-03  2.8414554594191578E-09
    4    7    1    -2.1793064080582385E-02  1.2812056837320669E-08
    4    7    2    -2.1793064080582385E-02  1.2812056837320669E-08
    4    8    1    -2.1793079486158676E-02 -3.0219692057366587E-09
    4    8    2    -2.1793079486158676E-02 -3.0219692057366587E-09
    5    1    1    -2.3482704899945955E-02  1.1336600203171860E-08
    5    1    2    -2.3482704899945955E-02  1.1336600203171860E-08
    5    2    1    -2.3482701434886975E-02  7.6087448563910698E-09
    5    2    2    -2.3482701434886975E-02  7.6087448563910698E-09
    5    3    1    -6.4558819708010924E-03  5.0719366347775155E-09
    5    3    2    -6.4558819708010924E-03  5.0719366347775155E-09
    5    4    1    -9.0707386110246251E-03  5.6724714132686330E-09
    5    4    2    -9.0707386110246251E-03  5.6724714132686330E-09
    5    5    1    -4.4751135964837541E-03 -4.6050210683809903E-09
    5    5    2    -4.4751135964837541E-03 -4.6050210683809903E-09
    5    6    1    -9.0707293307589094E-03  3.8029213694399603E-09
    5    6    2    -9.0707293307589094E-03  3.8029213694399603E-09
    5    7    1    -2.0252531408091679E-02 -1.3025873226078033E-09
    5    7    2    -2.0252531408091679E-02 -1.3025873226078033E-09
    5    8    1    -2.1793115834067844E-02  1.1017270996489951E-08
    5    8    2    -2.1793115834067844E-02  1.1017270996489951E-08
    6    1    1    -2.3482683556420404E-02  1.5280497737225679E-08
    6    1    2    -2.3482683556420404E-02  1.5280497737225679E-08
    6    2    1    -2.2432196037053872E-02  1.6861141927355139E-08
    6    2    2    -2.2432196037053872E-02  1.6861141927355139E-08
    6    3    1    -9.0707427313121425E-03  1.6981256704000198E-08
    6    3    2    -9.0707427313121425E-03  1.6981256704000198E-08
    6    4    1    -6.3060602296349244E-03  1.3635612240318678E-08
    6    4    2    -6.3060602296349244E-03  1.3635612240318678E-08
    6    5    1    -9.0707422227718597E-03  1.0136550575285232E-09
    6    5    2    -9.0707422227718597E-03  1.0136550575285232E-09
    6    6    1    -1.1754662495638696E-02  1.0217584961734722E-08
    6    6    2    -1.1754662495638696E-02  1.0217584961734722E-08
    6    7    1    -2.1793080450012752E-02 -1.0286208101067631E-08
    6    7    2    -2.1793080450012752E-02 -1.0286208101067631E-08
    6    8    1    -2.1793091445215244E-02  1.0947771047754807E-08
    6    8    2    -2.1793091445215244E-02  1.0947771047754807E-08
    7    1    1    -3.0878613912893031E-02  9.0941800056040822E-09
    7    1    2    -3.0878613912893031E-02  9.0941800056040822E-09
    7    2    1    -3.0878614775921635E-02 -1.3587825599192327E-08
    7    2    2    -3.0878614775921635E-02 -1.3587825599192327E-08
    7    3    1    -2.1793157725241766E-02 -7.4303521871063098E-09
    7    3    2    -2.1793157725241766E-02 -7.4303521871063098E-09
    7    4    1    -2.1793178995273686E-02 -2.9940772916650172E-09
    7    4    2    -2.1793178995273686E-02 -2.9940772916650172E-09
    7    5    1    -2.0252539867226100E-02 -5.3338515375904791E-10
    7    5    2    -2.0252539867226100E-02 -5.3338515375904791E-10
    7    6    1    -2.1793175167440979E-02  1.1792399612407887E-09
    7    6    2    -2.1793175167440979E-02  1.1792399612407887E-09
    7    7    1    -4.4751123352653674E-03  4.7072832313599379E-09
    7    7    2    -4.4751123352653674E-03  4.7072832313599379E-09
    7    8    1    -3.0878594561203312E-02 -4.0286096438443548E-09
    7    8    2    -3.0878594561203312E-02 -4.0286096438443548E-09
    8    1    1    -9.0707362594301781E-03 -6.9259521907763869E-10
    8    1    2    -9.0707362594301781E-03 -6.9259521907763869E-10
    8    2    1    -9.0707486868139529E-03  7.7171019144597722E-09
    8    2    2    -9.0707486868139529E-03  7.7171019144597722E-09
    8    3    1    -2.0252530991402819E-02 -2.7659689885344626E-09
    8    3    2    -2.0252530991402819E-02 -2.7659689885344626E-09
    8    4    1    -2.1793145166015639E-02 -5.0354521072458229E-09
    8    4    2    -2.1793145166015639E-02 -5.0354521072458229E-09
    8    5    1    -2.1793117159219264E-02 -7.1772976709773914E-09
    8    5    2    -2.1793117159219264E-02 -7.1772976709773914E-09
    8    6    1    -2.1793148317081554E-02 -3.7717879386049485E-09
    8    6    2    -2.1793148317081554E-02 -3.7717879386049485E-09
    8    7    1    -3.0878559475875113E-02 -5.4424841454452305E-09
    8    7    2    -3.0878559475875113E-02 -5.4424841454452305E-09
    8    8    1    -4.4750978313827586E-03  9.1718710339628088E-10
    8    8    2    -4.4750978313827586E-03  9.1718710339628088E-10
     -1      0     -1
    1    1    1    -1.1754674543415333E-02 -3.0768920606896236E-09
    1    1    2    -1.1754674543415333E-02 -3.0768920606896236E-09
    1    2    1    -9.0707291391708099E-03  4.4199304880048970E-09
    1    2    2    -9.0707291391708099E-03  4.4199304880048970E-09
    1    3    1    -2.3482695759737476E-02 -3.4218845723977791E-09
    1    3    2    -2.3482695759737476E-02 -3.4218845723977791E-09
    1    4    1    -2.2432202377234894E-02  1.3054393810964566E-09
    1    4    2    -2.2432202377234894E-02  1.3054393810964566E-09
    1    5    1    -2.3482700417299298E-02  4.5760938771334482E-10
    1    5    2    -2.3482700417299298E-02  4.5760938771334482E-10
    1    6    1    -2.1793127237314996E-02 -1.0330161680081234E-09
    1    6    2    -2.1793127237314996E-02 -1.0330161680081234E-09
    1    7    1    -6.3060684751288752E-03  1.5982355803384474E-09
    1    7    2    -6.3060684751288752E-03  1.5982355803384474E-09
    1    8    1    -6.3060668132113099E-03 -2.3872322155627131E-11
    1    8    2    -6.3060668132113099E-03 -2.3872322155627131E-11
    2    1    1    -9.0707275661495862E-03 -4.1322480241181778E-10
    2    1    2    -9.0707275661495862E-03 -4.1322480241181778E-10
    2    2    1    -4.4751078768232519E-03 -7.5480153072812928E-09
    2    2    2    -4.4751078768232519E-03 -7.5480153072812928E-09
    2    3    1    -2.1793106614119387E-02  8.0161168414808392E-09
    2    3    2    -2.1793106614119387E-02  8.0161168414808392E-09
    2    4    1    -2.1793099160118491E-02 -5.6507333107667663E-10
    2    4    2    -2.1793099160118491E-02 -5.6507333107667663E-10
    2    5    1    -2.1793103012767007E-02  1.3206679298710742E-08
    2    5    2    -2.1793103012767007E-02  1.3206679298710742E-08
    2    6    1    -2.0252526814409227E-02  7.7069165229992662E-09
    2    6    2    -2.0252526814409227E-02  7.7069165229992662E-09
    2    7    1    -9.0707076689462464E-03 -2.5364448846116033E-09
    2    7    2    -9.0707076689462464E-03 -2.5364448846116033E-09
    2    8    1    -9.0706990644959205E-03 -6.3665226828973974E-09
    2    8    2    -9.0706990644959205E-03 -6.3665226828973974E-09
    3    1    1    -2.3482635291827966E-02 -6.8416817501948304E-09
    3    1    2    -2.3482635291827966E-02 -6.8416817501948304E-09
    3    2    1    -2.1793071686388693E-02 -1.8832004927503811E-09
    3    2    2    -2.1793071686388693E-02 -1.8832004927503811E-09
    3    3    1    -1.1754641021936144E-02  3.8905213900164474E-09
    3    3    2    -1.1754641021936144E-02  3.8905213900164474E-09
    3    4    1    -6.3060530675568272E-03  2.6780810047809033E-08
    3    4    2    -6.3060530675568272E-03  2.6780810047809033E-08
    3    5    1    -9.0707242829496521E-03  1.1919898192264426E-08
    3    5    2    -9.0707242829496521E-03  1.1919898192264426E-08
    3    6    1    -9.0706869027143526E-03  1.6853452506292686E-08
    3    6    2    -9.0706869027143526E-03  1.6853452506292686E-08
    3    7    1     3.2723713238525458E-02  3.5843030900033667E-09
    3    7    2     3.2723713238525458E-02  3.5843030900033667E-09
    3    8    1    -2.2432184142982519E-02  2.9685488468928227E-08
    3    8    2    -2.2432184142982519E-02  2.9685488468928227E-08
    4    1    1    -2.2432200226705574E-02 -1.7954441618981914E-09
    4    1    2    -2.2432200226705574E-02 -1.7954441618981914E-09
    4    2    1    -2.1793108007502886E-02 -4.8868424706132710E-09
    4    2    2    -2.1793108007502886E-02 -4.8868424706132710E-09
    4    3    1    -6.3060411289503834E-03  7.6234416754905111E-09
    4    3    2    -6.3060411289503834E-03  7.6234416754905111E-09
    4    4    1    -1.1754674921478171E-02  3.8254540201593704E-09
    4    4    2    -1.1754674921478171E-02  3.8254540201593704E-09
    4    5    1    -9.0707143855069602E-03  5.5943910172177240E-09
    4    5    2    -9.0707143855069602E-03  5.5943910172177240E-09
    4    6    1    -9.0707462197961511E-03 -9.2250777765590314E-09
    4    6    2    -9.0707462197961511E-03 -9.2250777765590314E-09
    4    7    1     1.2709576470101909E-02 -7.0583522907881205E-09
    4    7    2     1.2709576470101909E-02 -7.0583522907881205E-09
    4    8    1    -2.3482716511787450E-02 -6.3161265146876017E-09
    4    8    2    -2.3482716511787450E-02 -6.3161265146876017E-09
    5    1    1    -2.3482658269079554E-02 -8.8865422782119139E-09
    5    1    2    -2.3482658269079554E-02 -8.8865422782119139E-09
    5    2    1    -2.1793084708410564E-02  5.1630680400526277E-10
    5    2    2    -2.1793084708410564E-02  5.1630680400526277E-10
    5    3    1    -9.0707002240150297E-03 -3.2430284128269645E-09
    5    3    2    -9.0707002240150297E-03 -3.2430284128269645E-09
    5    4    1    -9.0706981562724727E-03 -6.8787266578303544E-09
    5    4    2    -9.0706981562724727E-03 -6.8787266578303544E-09
    5    5    1    -4.4751130825870927E-03 -9.0051186183897371E-10
    5    5    2    -4.4751130825870927E-03 -9.0051186183897371E-10
    5    6    1    -6.4558611510683282E-03 -2.7498381595858143E-09
    5    6    2    -6.4558611510683282E-03 -2.7498381595858143E-09
    5    7    1     2.4803526543338790E-02 -4.3142569772686539E-10
    5    7    2     2.4803526543338790E-02 -4.3142569772686539E-10
    5    8    1    -2.3482665338514973E-02 -3.6779063552462183E-09
    5    8    2    -2.3482665338514973E-02 -3.6779063552462183E-09
    6    1    1    -2.1793124293521163E-02 -7.8937589952001591E-09
    6    1    2    -2.1793124293521163E-02 -7.8937589952001591E-09
    6    2    1    -2.0252534898603160E-02 -1.9505056207244510E-09
    6    2    2    -2.0252534898603160E-02 -1.9505056207244510E-09
    6    3    1    -9.0706880838794836E-03 -6.6934415698072203E-09
    6    3    2    -9.0706880838794836E-03 -6.6934415698072203E-09
    6    4    1    -9.0707150462183105E-03 -1.5944986542093943E-08
    6    4    2    -9.0707150462183105E-03 -1.5944986542093943E-08
    6    5    1    -6.4558570929427531E-03 -7.8289660518506910E-09
    6    5    2    -6.4558570929427531E-03 -7.8289660518506910E-09
    6    6    1    -4.4751073870951119E-03  1.2465643858585060E-10
    6    6    2    -4.4751073870951119E-03  1.2465643858585060E-10
    6    7    1     3.2723655919002996E-02  5.4943263507209277E-09
    6    7    2     3.2723655919002996E-02  5.4943263507209277E-09
    6    8    1    -2.1793131860630113E-02  4.0182777080505130E-09
    6    8    2    -2.1793131860630113E-02  4.0182777080505130E-09
    7    1    1    -6.3060126327026608E-03  1.4962008293897670E-09
    7    1    2    -6.3060126327026608E-03  1.4962008293897670E-09
    7    2    1    -9.0707157065939882E-03  9.3182963699801197E-10
    7    2    2    -9.0707157065939882E-03  9.3182963699801197E-10
    7    3    1     3.2723727597778446E-02 -1.3724454765971421E-08
    7    3    2     3.2723727597778446E-02 -1.3724454765971421E-08
    7    4    1     1.2709563486528614E-02 -1.3616265462591999E-08
    7    4    2     1.2709563486528614E-02 -1.3616265462591999E-08
    7    5    1     2.4803530573104061E-02 -1.8413340337135852E-08
    7    5    2     2.4803530573104061E-02 -1.8413340337135852E-08
    7    6    1     3.2723697593601997E-02 -2.2943367216396275E-08
    7    6    2     3.2723697593601997E-02 -2.2943367216396275E-08
    7    7    1    -4.4751142424219459E-03 -1.6058181029189651E-08
    7    7    2    -4.4751142424219459E-03 -1.6058181029189651E-08
    7    8    1    -9.0707253290311651E-03 -9.2214248444152480E-09
    7    8    2    -9.0707253290311651E-03 -9.2214248444152480E-09
    8    1    1    -6.3060351945401390E-03  2.0826938261156317E-09
    8    1    2    -6.3060351945401390E-03  2.0826938261156317E-09
    8    2    1    -9.0706845869020745E-03 -5.8070619620686009E-10
    8    2    2    -9.0706845869020745E-03 -5.8070619620686009E-10
    8    3    1    -2.2432185875294518E-02  3.9814404338357659E-09
    8    3    2    -2.2432185875294518E-02  3.9814404338357659E-09
    8    4    1    -2.3482646214227132E-02  3.6268099133990427E-09
    8    4    2    -2.3482646214227132E-02  3.6268099133990427E-09
    8    5    1    -2.3482677620657609E-02  2.9655815772180038E-09
    8    5    2    -2.3482677620657609E-02  2.9655815772180038E-09
    8    6    1    -2.1793073031687180E-02  5.3282646046102231E-09
    8    6    2    -2.1793073031687180E-02  5.3282646046102231E-09
    8    7    1    -9.0707167364380559E-03  3.6595192020883729E-09
    8    7    2    -9.0707167364380559E-03  3.6595192020883729E-09
    8    8    1    -1.1754650734253608E-02  6.5611488777911753E-09
    8    8    2    -1.1754650734253608E-02  6.5611488777911753E-09
     -1      0      0
    1    1    1    -1.1754655055378677E-02  8.5355071392536983E-09
    1    1    2    -1.1754655055378677E-02  8.5355071392536983E-09
    1    2    1    -9.0707317451519977E-03  2.0688283777923133E-09
    1    2    2    -9.0707317451519977E-03  2.0688283777923133E-09
    1    3    1     1.2709653248706177E-02 -5.8194418433404318E-11
    1    3    2     1.2709653248706177E-02 -5.8194418433404318E-11
    1    4    1     3.0108746375003843E-03  3.8716820978734471E-09
    1    4    2     3.0108746375003843E-03  3.8716820978734471E-09
    1    5    1     1.2709624889379772E-02 -3.9729175068867455E-09
    1    5    2     1.2709624889379772E-02 -3.9729175068867455E-09
    1    6    1     1.2709631697026311E-02  5.1695549609367063E-09
    1    6    2     1.2709631697026311E-02  5.1695549609367063E-09
    1    7    1    -9.0707180263686384E-03  3.2916339298347252E-09
    1    7    2    -9.0707180263686384E-03  3.2916339298347252E-09
    1    8    1    -9.0707043210484090E-03  5.1159563149751606E-09
    1    8    2    -9.0707043210484090E-03  5.1159563149751606E-09
    2    1    1    -9.0707109054881559E-03 -1.4791211882012696E-09
    2    1    2    -9.0707109054881559E-03 -1.4791211882012696E-09
    2    2    1    -4.4751204140060299E-03  6.0289914480687842E-09
    2    2    2    -4.4751204140060299E-03  6.0289914480687842E-09
    2    3    1     3.2723703372520674E-02  4.6307420349247044E-09
    2    3    2     3.2723703372520674E-02  4.6307420349247044E-09
    2    4    1     1.2709484898741031E-02  2.2834737154256695E-09
    2    4    2     1.2709484898741031E-02  2.2834737154256695E-09
    2    5    1     3.2723652360866641E-02 -4.2544019771949965E-10
    2    5    2     3.2723652360866641E-02 -4.2544019771949965E-10
    2    6    1     2.4803513658695400E-02 -6.3623874126681937E-09
    2    6    2     2.4803513658695400E-02 -6.3623874126681937E-09
    2    7    1    -6.4558890218730999E-03 -1.0738584975211003E-08
    2    7    2    -6.4558890218730999E-03 -1.0738584975211003E-08
    2    8    1    -6.4558823265270480E-03 -7.0800744170051576E-09
    2    8    2    -6.4558823265270480E-03 -7.0800744170051576E-09
    3    1    1     1.2709545501770865E-02  1.6716187625467914E-09
    3    1    2     1.2709545501770865E-02  1.6716187625467914E-09
    3    2    1     3.2723734088274239E-02  2.0364691247554459E-09
    3    2    2     3.2723734088274239E-02  2.0364691247554459E-09
    3    3    1    -4.4751060652130498E-03 -1.2110231833351206E-09
    3    3    2    -4.4751060652130498E-03 -1.2110231833351206E-09
    3    4    1    -9.0706689917914481E-03 -2.5753907213642475E-08
    3    4    2    -9.0706689917914481E-03 -2.5753907213642475E-08
    3    5    1    -9.0707096975258909E-03 -9.3864415570102562E-09
    3    5    2    -9.0707096975258909E-03 -9.3864415570102562E-09
    3    6    1    -6.4558627599445514E-03 -2.1156388898215852E-08
    3    6    2    -6.4558627599445514E-03 -2.1156388898215852E-08
    3    7    1    -2.3482662401354507E-02 -6.7828872395535723E-09
    3    7    2    -2.3482662401354507E-02 -6.7828872395535723E-09
    3    8    1     2.4803587363455532E-02 -3.2805814718366998E-08
    3    8    2     2.4803587363455532E-02 -3.2805814718366998E-08
    4    1    1     3.0108673453828182E-03 -8.1604479857540429E-09
    4    1    2     3.0108673453828182E-03 -8.1604479857540429E-09
    4    2    1     1.2709602451283823E-02 -3.3684832009458208E-09
    4    2    2     1.2709602451283823E-02 -3.3684832009458208E-09
    4    3    1    -9.0706851039152742E-03  4.3539584890128400E-09
    4    3    2    -9.0706851039152742E-03  4.3539584890128400E-09
    4    4    1    -1.1754661493618972E-02 -8.6221566345990936E-09
    4    4    2    -1.1754661493618972E-02 -8.6221566345990936E-09
    4    5    1    -6.3060279129479695E-03  6.5563707768486325E-09
    4    5    2    -6.3060279129479695E-03  6.5563707768486325E-09
    4    6    1    -9.0707177090186136E-03  2.7433697024682215E-09
    4    6    2    -9.0707177090186136E-03  2.7433697024682215E-09
    4    7    1    -2.3482704626877939E-02 -6.4190801360447395E-09
    4    7    2    -2.3482704626877939E-02 -6.4190801360447395E-09
    4    8    1     1.2709617781557100E-02 -7.2365781554024134E-09
    4    8    2     1.2709617781557100E-02 -7.2365781554024134E-09
    5    1    1     1.2709515337632581E-02 -2.2196424411140606E-09
    5    1    2     1.2709515337632581E-02 -2.2196424411140606E-09
    5    2    1     3.2723680147959497E-02 -8.9959516246152947E-10
    5    2    2     3.2723680147959497E-02 -8.9959516246152947E-10
    5    3    1    -9.0707323767811945E-03  2.8041358966687238E-09
    5    3    2    -9.0707323767811945E-03  2.8041358966687238E-09
    5    4    1    -6.3060562094294295E-03  6.5810423565827833E-09
    5    4    2    -6.3060562094294295E-03  6.5810423565827833E-09
    5    5    1    -1.1754665400648782E-02  5.7704939095636840E-10
    5    5    2    -1.1754665400648782E-02  5.7704939095636840E-10
    5    6    1    -9.0707206856025478E-03 -8.2708237857985283E-09
    5    6    2    -9.0707206856025478E-03 -8.2708237857985283E-09
    5    7    1    -2.2432187716960324E-02 -5.8704261745255230E-10
    5    7    2    -2.2432187716960324E-02 -5.8704261745255230E-10
    5    8    1     3.2723707288404527E-02  2.4845879895137054E-09
    5    8    2     3.2723707288404527E-02  2.4845879895137054E-09
    6    1    1     1.2709504835137242E-02 -3.4510026491600980E-09
    6    1    2     1.2709504835137242E-02 -3.4510026491600980E-09
    6    2    1     2.4803515476863235E-02 -8.3899244867801733E-09
    6    2    2     2.4803515476863235E-02 -8.3899244867801733E-09
    6    3    1    -6.4558624951595762E-03 -7.0576043782445236E-09
    6    3    2    -6.4558624951595762E-03 -7.0576043782445236E-09
    6    4    1    -9.0707251490513910E-03  1.9264300587140855E-09
    6    4    2    -9.0707251490513910E-03  1.9264300587140855E-09
    6    5    1    -9.0707093749847895E-03 -6.1412339373459295E-09
    6    5    2    -9.0707093749847895E-03 -6.1412339373459295E-09
    6    6    1    -4.4751246052094143E-03 -1.5141508845975463E-08
    6    6    2    -4.4751246052094143E-03 -1.5141508845975463E-08
    6    7    1    -2.1793138650808536E-02  5.0684452238444993E-09
    6    7    2    -2.1793138650808536E-02  5.0684452238444993E-09
    6    8    1     3.2723693383533592E-02  6.5239045380854704E-09
    6    8    2     3.2723693383533592E-02  6.5239045380854704E-09
    7    1    1    -9.0707035643942079E-03 -8.0917281245270086E-09
    7    1    2    -9.0707035643942079E-03 -8.0917281245270086E-09
    7    2    1    -6.4558266119417347E-03 -2.1945740376588373E-09
    7    2    2    -6.4558266119417347E-03 -2.1945740376588373E-09
    7    3    1    -2.3482672381953892E-02  1.2673461868426963E-08
    7    3    2    -2.3482672381953892E-02  1.2673461868426963E-08
    7    4    1    -2.3482657233545687E-02  1.2057623449840957E-08
    7    4    2    -2.3482657233545687E-02  1.2057623449840957E-08
    7    5    1    -2.2432189127503950E-02  1.7590334724080961E-08
    7    5    2    -2.2432189127503950E-02  1.7590334724080961E-08
    7    6    1    -2.1793051021913326E-02  1.6050383574680357E-08
    7    6    2    -2.1793051021913326E-02  1.6050383574680357E-08
    7    7    1    -1.1754670449417429E-02  1.5884229896147761E-08
    7    7    2    -1.1754670449417429E-02  1.5884229896147761E-08
    7    8    1    -9.0707097492291507E-03  8.8505148934485411E-09
    7    8    2    -9.0707097492291507E-03  8.8505148934485411E-09
    8    1    1    -9.0706746418650966E-03 -5.2055958345439100E-09
    8    1    2    -9.0706746418650966E-03 -5.2055958345439100E-09
    8    2    1    -6.4558520884702014E-03  3.6431416555594127E-09
    8    2    2    -6.4558520884702014E-03  3.6431416555594127E-09
    8    3    1     2.4803590052201136E-02 -6.6445725743819091E-09
    8    3    2     2.4803590052201136E-02 -6.6445725743819091E-09
    8    4    1     1.2709570558443371E-02 -1.5622438784899037E-09
    8    4    2     1.2709570558443371E-02 -1.5622438784899037E-09
    8    5    1     3.2723725079571157E-02 -5.7626881891159640E-09
    8    5    2     3.2723725079571157E-02 -5.7626881891159640E-09
    8    6    1     3.2723752735799860E-02 -9.4437889993094471E-09
    8    6    2     3.2723752735799860E-02 -9.4437889993094471E-09
    8    7    1    -9.0707177716560228E-03 -1.3139843792634516E-09
    8    7    2    -9.0707177716560228E-03 -1.3139843792634516E-09
    8    8    1    -4.4751000642978753E-03 -3.9836921456323720E-09
    8    8    2    -4.4751000642978753E-03 -3.9836921456323720E-09
      0     -1     -1
    1    1    1    -4.4751134410110222E-03  5.9285785629297761E-09
    1    1    2    -4.4751134410110222E-03  5.9285785629297761E-09
    1    2    1    -9.0707136040165358E-03 -1.5201138193353034E-09
    1    2    2    -9.0707136040165358E-03 -1.5201138193353034E-09
    1    3    1    -2.1793116318981964E-02 -5.4466462830385958E-09
    1    3    2    -2.1793116318981964E-02 -5.4466462830385958E-09
    1    4    1    -2.0252525712864879E-02 -2.7192158320319128E-09
    1    4    2    -2.0252525712864879E-02 -2.7192158320319128E-09
    1    5    1    -2.1793106267983947E-02 -3.8153875953200462E-09
    1    5    2    -2.1793106267983947E-02 -3.8153875953200462E-09
    1    6    1    -2.1793096292637933E-02 -4.3372386063255438E-10
    1    6    2    -2.1793096292637933E-02 -4.3372386063255438E-10
    1    7    1    -9.0706934822410452E-03  5.2247128962779965E-10
    1    7    2    -9.0706934822410452E-03  5.2247128962779965E-10
    1    8    1    -9.0707110447973451E-03  1.3177619532744292E-09
    1    8    2    -9.0707110447973451E-03  1.3177619532744292E-09
    2    1    1    -9.0707147283816576E-03 -4.2274905108128334E-09
    2    1    2    -9.0707147283816576E-03 -4.2274905108128334E-09
    2    2    1    -1.1754648908022698E-02  2.9669214786876832E-09
    2    2    2    -1.1754648908022698E-02  2.9669214786876832E-09
    2    3    1    -2.3482693789656867E-02  3.3715686468833300E-09
    2    3    2    -2.3482693789656867E-02  3.3715686468833300E-09
    2    4    1    -2.1793121329547915E-02 -9.5659270843353062E-10
    2    4    2    -2.1793121329547915E-02 -9.5659270843353062E-10
    2    5    1    -2.3482693826681569E-02  2.8011533923630772E-09
    2    5    2    -2.3482693826681569E-02  2.8011533923630772E-09
    2    6    1    -2.2432193345053517E-02 -9.2847314373293017E-09
    2    6    2    -2.2432193345053517E-02 -9.2847314373293017E-09
    2    7    1    -6.3060739191123892E-03 -1.4619408791107522E-08
    2    7    2    -6.3060739191123892E-03 -1.4619408791107522E-08
    2    8    1    -6.3060682287439801E-03 -1.1815839725570120E-08
    2    8    2    -6.3060682287439801E-03 -1.1815839725570120E-08
    3    1    1    -2.1793078622090945E-02 -3.3899902128615039E-08
    3    1    2    -2.1793078622090945E-02 -3.3899902128615039E-08
    3    2    1    -2.3482636514274707E-02 -3.8718875765462947E-08
    3    2    2    -2.3482636514274707E-02 -3.8718875765462947E-08
    3    3    1    -1.1754668219253445E-02 -2.7282379371467081E-08
    3    3    2    -1.1754668219253445E-02 -2.7282379371467081E-08
    3    4    1    -9.0707042508822132E-03  1.1533542297901205E-08
    3    4    2    -9.0707042508822132E-03  1.1533542297901205E-08
    3    5    1    -9.0707344697943774E-03  3.0107016684201846E-08
    3    5    2    -9.0707344697943774E-03  3.0107016684201846E-08
    3    6    1    -6.3060533012237567E-03  2.1343403391933276E-08
    3    6    2    -6.3060533012237567E-03  2.1343403391933276E-08
    3    7    1     3.2723672855308812E-02  3.2047905697756833E-08
    3    7    2     3.2723672855308812E-02  3.2047905697756833E-08
    3    8    1    -2.2432196497674750E-02 -4.8830956603070010E-09
    3    8    2    -2.2432196497674750E-02 -4.8830956603070010E-09
    4    1    1    -2.0252533941605502E-02 -4.5206846166905790E-09
    4    1    2    -2.0252533941605502E-02 -4.5206846166905790E-09
    4    2    1    -2.1793122627007458E-02 -1.4031204870769670E-09
    4    2    2    -2.1793122627007458E-02 -1.4031204870769670E-09
    4    3    1    -9.0706923458293981E-03  3.5721848430850917E-09
    4    3    2    -9.0706923458293981E-03  3.5721848430850917E-09
    4    4    1    -4.4751162735644501E-03 -1.1110856545249200E-08
    4    4    2    -4.4751162735644501E-03 -1.1110856545249200E-08
    4    5    1    -6.4558418669952225E-03  1.9086790495893000E-09
    4    5    2    -6.4558418669952225E-03  1.9086790495893000E-09
    4    6    1    -9.0706956635547287E-03  1.9164891792549646E-09
    4    6    2    -9.0706956635547287E-03  1.9164891792549646E-09
    4    7    1     3.2723689656629244E-02 -5.3264926846988071E-09
    4    7    2     3.2723689656629244E-02 -5.3264926846988071E-09
    4    8    1    -2.1793147081044968E-02 -5.3083609748733197E-09
    4    8    2    -2.1793147081044968E-02 -5.3083609748733197E-09
    5    1    1    -2.1793096164250646E-02  2.5588647340561688E-09
    5    1    2    -2.1793096164250646E-02  2.5588647340561688E-09
    5    2    1    -2.3482665923725481E-02 -6.4626371826861104E-09
    5    2    2    -2.3482665923725481E-02 -6.4626371826861104E-09
    5    3    1    -9.0707295406606929E-03  1.3726086939320093E-09
    5    3    2    -9.0707295406606929E-03  1.3726086939320093E-09
    5    4    1    -6.4558706349035801E-03  7.8294553772142311E-10
    5    4    2    -6.4558706349035801E-03  7.8294553772142311E-10
    5    5    1    -4.4751054001515508E-03 -2.4997105645406633E-11
    5    5    2    -4.4751054001515508E-03 -2.4997105645406633E-11
    5    6    1    -9.0706916423313882E-03 -3.7254266997417251E-09
    5    6    2    -9.0706916423313882E-03 -3.7254266997417251E-09
    5    7    1     2.4803548027337030E-02  9.4673659932958059E-11
    5    7    2     2.4803548027337030E-02  9.4673659932958059E-11
    5    8    1    -2.3482693036228193E-02  2.8848522105072831E-09
    5    8    2    -2.3482693036228193E-02  2.8848522105072831E-09
    6    1    1    -2.1793104416494638E-02  3.9764917487278284E-11
    6    1    2    -2.1793104416494638E-02  3.9764917487278284E-11
    6    2    1    -2.2432190991673651E-02 -6.0392642701028689E-09
    6    2    2    -2.2432190991673651E-02 -6.0392642701028689E-09
    6    3    1    -6.3060474766834483E-03 -2.1595155669974509E-09
    6    3    2    -6.3060474766834483E-03 -2.1595155669974509E-09
    6    4    1    -9.0707254282835631E-03  9.5769144607086177E-10
    6    4    2    -9.0707254282835631E-03  9.5769144607086177E-10
    6    5    1    -9.0707025327751468E-03 -6.7566756127107564E-09
    6    5    2    -9.0707025327751468E-03 -6.7566756127107564E-09
    6    6    1    -1.1754647001482710E-02 -1.4980222015582535E-08
    6    6    2    -1.1754647001482710E-02 -1.4980222015582535E-08
    6    7    1     1.2709611756864220E-02  1.5168793904159455E-09
    6    7    2     1.2709611756864220E-02  1.5168793904159455E-09
    6    8    1    -2.3482704897663766E-02  4.1374159491795910E-09
    6    8    2    -2.3482704897663766E-02  4.1374159491795910E-09
    7    1    1    -9.0707009971291441E-03 -6.0394861787441828E-09
    7    1    2    -9.0707009971291441E-03 -6.0394861787441828E-09
    7    2    1    -6.3060114257465667E-03 -5.4386986892438014E-09
    7    2    2    -6.3060114257465667E-03 -5.4386986892438014E-09
    7    3    1     3.2723689214256210E-02  1.3547152865940315E-08
    7    3    2     3.2723689214256210E-02  1.3547152865940315E-08
    7    4    1     3.2723736858189870E-02  8.9122901048189910E-09
    7    4    2     3.2723736858189870E-02  8.9122901048189910E-09
    7    5    1     2.4803546243318226E-02  1.9157211523093735E-08
    7    5    2     2.4803546243318226E-02  1.9157211523093735E-08
    7    6    1     1.2709580570475153E-02  1.8195161116798869E-08
    7    6    2     1.2709580570475153E-02  1.8195161116798869E-08
    7    7    1    -4.4751085864225756E-03  1.4010561271199521E-08
    7    7    2    -4.4751085864225756E-03  1.4010561271199521E-08
    7    8    1    -9.0707335455673145E-03  6.8848444187844860E-09
    7    8    2    -9.0707335455673145E-03  6.8848444187844860E-09
    8    1    1    -9.0707033385608524E-03 -3.5913722952560928E-09
    8    1    2    -9.0707033385608524E-03 -3.5913722952560928E-09
    8    2    1    -6.3060378314519390E-03 -1.4449576412154027E-09
    8    2    2    -6.3060378314519390E-03 -1.4449576412154027E-09
    8    3    1    -2.2432197468094335E-02 -7.0906404258477579E-09
    8    3    2    -2.2432197468094335E-02 -7.0906404258477579E-09
    8    4    1    -2.1793075214792838E-02 -5.2626456891187899E-09
    8    4    2    -2.1793075214792838E-02 -5.2626456891187899E-09
    8    5    1    -2.3482675400032026E-02 -3.7061022716082809E-09
    8    5    2    -2.3482675400032026E-02 -3.7061022716082809E-09
    8    6    1    -2.3482645222867606E-02 -6.4425560656326169E-09
    8    6    2    -2.3482645222867606E-02 -6.4425560656326169E-09
    8    7    1    -9.0707197309212381E-03 -2.3188113699811443E-09
    8    7    2    -9.0707197309212381E-03 -2.3188113699811443E-09
    8    8    1    -1.1754676487402617E-02 -5.6401892101728536E-09
    8    8    2    -1.1754676487402617E-02 -5.6401892101728536E-09
      0     -1      0
    1    1    1    -4.4750954254358377E-03  9.1333025549013779E-10
    1    1    2    -4.4750954254358377E-03  9.1333025549013779E-10
    1    2    1    -9.0707045772727476E-03  7.4283317909124502E-09
    1    2    2    -9.0707045772727476E-03  7.4283317909124502E-09
    1    3    1     3.2723682697821319E-02 -1.3307952328854600E-09
    1    3    2     3.2723682697821319E-02 -1.3307952328854600E-09
    1    4    1     2.4803555048115794E-02  6.2542364878925196E-09
    1    4    2     2.4803555048115794E-02  6.2542364878925196E-09
    1    5    1     3.2723698792985867E-02 -3.0141095759206251E-09
    1    5    2     3.2723698792985867E-02 -3.0141095759206251E-09
    1    6    1     1.2709516152337416E-02  4.9059272089974960E-09
    1    6    2     1.2709516152337416E-02  4.9059272089974960E-09
    1    7    1    -6.4558836875777473E-03  7.4051132124887419E-09
    1    7    2    -6.4558836875777473E-03  7.4051132124887419E-09
    1    8    1    -6.4558813354054848E-03  6.8365645371389061E-09
    1    8    2    -6.4558813354054848E-03  6.8365645371389061E-09
    2    1    1    -9.0707248132113061E-03  2.1534690429117877E-09
    2    1    2    -9.0707248132113061E-03  2.1534690429117877E-09
    2    2    1    -1.1754659955615310E-02 -5.2923455795544466E-09
    2    2    2    -1.1754659955615310E-02 -5.2923455795544466E-09
    2    3    1     1.2709623946323845E-02  1.2352837704765289E-08
    2    3    2     1.2709623946323845E-02  1.2352837704765289E-08
    2    4    1     1.2709657008925606E-02  2.8966884371565190E-09
    2    4    2     1.2709657008925606E-02  2.8966884371565190E-09
    2    5    1     1.2709642984674821E-02  1.3081403944960454E-08
    2    5    2     1.2709642984674821E-02  1.3081403944960454E-08
    2    6    1     3.0108849189665263E-03  1.1485852220551862E-08
    2    6    2     3.0108849189665263E-03  1.1485852220551862E-08
    2    7    1    -9.0707038731766623E-03 -1.6810704701376595E-09
    2    7    2    -9.0707038731766623E-03 -1.6810704701376595E-09
    2    8    1    -9.0707241441728773E-03 -4.6725135637316195E-09
    2    8    2    -9.0707241441728773E-03 -4.6725135637316195E-09
    3    1    1     3.2723717016080879E-02  3.4214276250110128E-08
    3    1    2     3.2723717016080879E-02  3.4214276250110128E-08
    3    2    1     1.2709513344364459E-02  3.3951622764690403E-08
    3    2    2     1.2709513344364459E-02  3.3951622764690403E-08
    3    3    1    -4.4751317967148818E-03  2.8315422612054309E-08
    3    3    2    -4.4751317967148818E-03  2.8315422612054309E-08
    3    4    1    -6.4558628781449245E-03 -1.5987979626406329E-08
    3    4    2    -6.4558628781449245E-03 -1.5987979626406329E-08
    3    5    1    -9.0707176472499106E-03 -2.9219583089581426E-08
    3    5    2    -9.0707176472499106E-03 -2.9219583089581426E-08
    3    6    1    -9.0706855622300041E-03 -2.0707324324073071E-08
    3    6    2    -9.0706855622300041E-03 -2.0707324324073071E-08
    3    7    1    -2.3482667166547445E-02 -3.3585441284722506E-08
    3    7    2    -2.3482667166547445E-02 -3.3585441284722506E-08
    3    8    1     2.4803519998965490E-02  3.4193088816223760E-09
    3    8    2     2.4803519998965490E-02  3.4193088816223760E-09
    4    1    1     2.4803556607338139E-02 -2.8754014131344203E-09
    4    1    2     2.4803556607338139E-02 -2.8754014131344203E-09
    4    2    1     1.2709529431054694E-02 -7.6433246100667668E-09
    4    2    2     1.2709529431054694E-02 -7.6433246100667668E-09
    4    3    1    -6.4558566703735408E-03  3.4695608617100787E-09
    4    3    2    -6.4558566703735408E-03  3.4695608617100787E-09
    4    4    1    -4.4750989369913424E-03  3.8760877617831871E-09
    4    4    2    -4.4750989369913424E-03  3.8760877617831871E-09
    4    5    1    -9.0706907469083452E-03  5.3347116736376780E-09
    4    5    2    -9.0706907469083452E-03  5.3347116736376780E-09
    4    6    1    -9.0707263828908331E-03 -7.5147137717688182E-09
    4    6    2    -9.0707263828908331E-03 -7.5147137717688182E-09
    4    7    1    -2.1793154269583087E-02 -3.0824444658455389E-09
    4    7    2    -2.1793154269583087E-02 -3.0824444658455389E-09
    4    8    1     3.2723656718480383E-02 -3.1975045792761718E-09
    4    8    2     3.2723656718480383E-02 -3.1975045792761718E-09
    5    1    1     3.2723740783897490E-02 -2.9927408555694931E-09
    5    1    2     3.2723740783897490E-02 -2.9927408555694931E-09
    5    2    1     1.2709541795805471E-02 -3.9528054857141987E-09
    5    2    2     1.2709541795805471E-02 -3.9528054857141987E-09
    5    3    1    -9.0707213652542265E-03 -3.6830133447548650E-09
    5    3    2    -9.0707213652542265E-03 -3.6830133447548650E-09
    5    4    1    -9.0706967134920671E-03 -1.1738780499562132E-08
    5    4    2    -9.0706967134920671E-03 -1.1738780499562132E-08
    5    5    1    -1.1754660776237852E-02 -2.1705378380888808E-09
    5    5    2    -1.1754660776237852E-02 -2.1705378380888808E-09
    5    6    1    -6.3060475361076188E-03  2.7548854750769907E-09
    5    6    2    -6.3060475361076188E-03  2.7548854750769907E-09
    5    7    1    -2.2432190305003836E-02  7.7179678972971556E-10
    5    7    2    -2.2432190305003836E-02  7.7179678972971556E-10
    5    8    1     3.2723694604749588E-02 -2.1940303800961909E-09
    5    8    2     3.2723694604749588E-02 -2.1940303800961909E-09
    6    1    1     1.2709638076885551E-02 -1.1070360241664258E-08
    6    1    2     1.2709638076885551E-02 -1.1070360241664258E-08
    6    2    1     3.0108774614171323E-03 -6.2614610548399938E-09
    6    2    2     3.0108774614171323E-03 -6.2614610548399938E-09
    6    3    1    -9.0707147828954018E-03 -6.9693800151724675E-09
    6    3    2    -9.0707147828954018E-03 -6.9693800151724675E-09
    6    4    1    -9.0707175728534963E-03 -1.5380340537675483E-08
    6    4    2    -9.0707175728534963E-03 -1.5380340537675483E-08
    6    5    1    -6.3060439853502084E-03 -2.6017115612234337E-09
    6    5    2    -6.3060439853502084E-03 -2.6017115612234337E-09
    6    6    1    -1.1754665092022373E-02  1.8224310410339195E-09
    6    6    2    -1.1754665092022373E-02  1.8224310410339195E-09
    6    7    1    -2.3482695271346152E-02  4.3130076495323587E-09
    6    7    2    -2.3482695271346152E-02  4.3130076495323587E-09
    6    8    1     1.2709601000557253E-02  1.6834542835737483E-09
    6    8    2     1.2709601000557253E-02  1.6834542835737483E-09
    7    1    1    -6.4558275086173574E-03  4.3229261417920991E-09
    7    1    2    -6.4558275086173574E-03  4.3229261417920991E-09
    7    2    1    -9.0706898134435832E-03 -1.5379173041400046E-09
    7    2    2    -9.0706898134435832E-03 -1.5379173041400046E-09
    7    3    1    -2.3482679218305741E-02 -1.1917097073380921E-08
    7    3    2    -2.3482679218305741E-02 -1.1917097073380921E-08
    7    4    1    -2.1793048271372923E-02 -1.5302855360194373E-08
    7    4    2    -2.1793048271372923E-02 -1.5302855360194373E-08
    7    5    1    -2.2432186131922910E-02 -1.7298096958822772E-08
    7    5    2    -2.2432186131922910E-02 -1.7298096958822772E-08
    7    6    1    -2.3482653258798870E-02 -1.9325650420923333E-08
    7    6    2    -2.3482653258798870E-02 -1.9325650420923333E-08
    7    7    1    -1.1754665379477398E-02 -1.6821965000689666E-08
    7    7    2    -1.1754665379477398E-02 -1.6821965000689666E-08
    7    8    1    -9.0707195126562140E-03 -9.8945559142674024E-09
    7    8    2    -9.0707195126562140E-03 -9.8945559142674024E-09
    8    1    1    -6.4558494844788733E-03  6.8314486645018211E-09
    8    1    2    -6.4558494844788733E-03  6.8314486645018211E-09
    8    2    1    -9.0706875331992287E-03 -2.5357507263949779E-09
    8    2    2    -9.0706875331992287E-03 -2.5357507263949779E-09
    8    3    1     2.4803521791569378E-02  6.3982357728050224E-09
    8    3    2     2.4803521791569378E-02  6.3982357728050224E-09
    8    4    1     3.2723726791981642E-02  9.4317667829931267E-10
    8    4    2     3.2723726791981642E-02  9.4317667829931267E-10
    8    5    1     3.2723682358265810E-02  2.8828563830719942E-09
    8    5    2     3.2723682358265810E-02  2.8828563830719942E-09
    8    6    1     1.2709540883171944E-02  9.3462765384078159E-09
    8    6    2     1.2709540883171944E-02  9.3462765384078159E-09
    8    7    1    -9.0707328095223361E-03  2.6730585698400244E-09
    8    7    2    -9.0707328095223361E-03  2.6730585698400244E-09
    8    8    1    -4.4751254485449754E-03  6.2263376126165159E-09
    8    8    2    -4.4751254485449754E-03  6.2263376126165159E-09
      0      0     -1
    1    1    1    -4.4751143897740903E-03 -2.7122777686990702E-09
    1    1    2    -4.4751143897740903E-03 -2.7122777686990702E-09
    1    2    1    -6.4558927717496221E-03  7.8188986972401462E-11
    1    2    2    -6.4558927717496221E-03  7.8188986972401462E-11
    1    3    1     1.2709492491706083E-02  9.0718412458837871E-09
    1    3    2     1.2709492491706083E-02  9.0718412458837871E-09
    1    4    1     2.4803515483723466E-02  5.1924527708657425E-09
    1    4    2     2.4803515483723466E-02  5.1924527708657425E-09
    1    5    1     3.2723695821064297E-02  6.2201579643141871E-09
    1    5    2     3.2723695821064297E-02  6.2201579643141871E-09
    1    6    1     3.2723698593018796E-02  2.9199403314290862E-09
    1    6    2     3.2723698593018796E-02  2.9199403314290862E-09
    1    7    1     8.4641468624032698E-02  1.8628552518165143E-09
    1    7    2     8.4641468624032698E-02  1.8628552518165143E-09
    1    8    1    -9.0707310043752053E-03  7.5685980099453884E-10
    1    8    2    -9.0707310043752053E-03  7.5685980099453884E-10
    2    1    1    -6.4558939789889289E-03  4.7085015907109926E-09
    2    1    2    -6.4558939789889289E-03  4.7085015907109926E-09
    2    2    1    -4.4750998744001909E-03  1.0815360601982933E-08
    2    2    2    -4.4750998744001909E-03  1.0815360601982933E-08
    2    3    1     1.2709523297365188E-02 -5.9277334312870839E-09
    2    3    2     1.2709523297365188E-02 -5.9277334312870839E-09
    2    4    1     3.2723706585403259E-02 -3.6307252050486998E-09
    2    4    2     3.2723706585403259E-02 -3.6307252050486998E-09
    2    5    1     3.2723740294092266E-02 -1.7081405432684341E-08
    2    5    2     3.2723740294092266E-02 -1.7081405432684341E-08
    2    6    1     2.4803569850541270E-02 -4.9878215052819708E-09
    2    6    2     2.4803569850541270E-02 -4.9878215052819708E-09
    2    7    1     8.4641476373674196E-02 -8.4873538402983721E-10
    2    7    2     8.4641476373674196E-02 -8.4873538402983721E-10
    2    8    1    -9.0707172021012791E-03  1.0271103196612046E-08
    2    8    2    -9.0707172021012791E-03  1.0271103196612046E-08
    3    1    1     1.2709600631384196E-02 -2.5350341055089506E-08
    3    1    2     1.2709600631384196E-02 -2.5350341055089506E-08
    3    2    1     1.2709632632279262E-02 -2.0402096404481768E-08
    3    2    2     1.2709632632279262E-02 -2.0402096404481768E-08
    3    3    1    -1.1754653449002998E-02 -1.3901325822832964E-08
    3    3    2    -1.1754653449002998E-02 -1.3901325822832964E-08
    3    4    1    -9.0707635115321750E-03  1.1175346309036719E-08
    3    4    2    -9.0707635115321750E-03  1.1175346309036719E-08
    3    5    1    -6.3060814621166156E-03  2.5899109154384550E-08
    3    5    2    -6.3060814621166156E-03  2.5899109154384550E-08
    3    6    1    -9.0707586912107153E-03  3.4652915560910983E-08
    3    6    2    -9.0707586912107153E-03  3.4652915560910983E-08
    3    7    1     1.2709478315956368E-02  2.4683737375330182E-08
    3    7    2     1.2709478315956368E-02  2.4683737375330182E-08
    3    8    1     3.0108707813306292E-03  9.6611863269273042E-09
    3    8    2     3.0108707813306292E-03  9.6611863269273042E-09
    4    1    1     2.4803513767275191E-02 -4.7526959710995257E-09
    4    1    2     2.4803513767275191E-02 -4.7526959710995257E-09
    4    2    1     3.2723686061271830E-02 -1.6323712323766269E-09
    4    2    2     3.2723686061271830E-02 -1.6323712323766269E-09
    4    3    1    -9.0707517848620071E-03 -1.2615710973856774E-08
    4    3    2    -9.0707517848620071E-03 -1.2615710973856774E-08
    4    4    1    -4.4751077625669947E-03  2.1594387653476794E-10
    4    4    2    -4.4751077625669947E-03  2.1594387653476794E-10
    4    5    1    -9.0707279709119817E-03 -1.2139222348885709E-09
    4    5    2    -9.0707279709119817E-03 -1.2139222348885709E-09
    4    6    1    -6.4558707253668541E-03 -1.3825532584011910E-09
    4    6    2    -6.4558707253668541E-03 -1.3825532584011910E-09
    4    7    1     1.2709569923186854E-02  9.7163149077454962E-09
    4    7    2     1.2709569923186854E-02  9.7163149077454962E-09
    4    8    1     1.2709524758205415E-02 -5.8198052133552803E-09
    4    8    2     1.2709524758205415E-02 -5.8198052133552803E-09
    5    1    1     3.2723657296463204E-02  1.0025235828931077E-08
    5    1    2     3.2723657296463204E-02  1.0025235828931077E-08
    5    2    1     3.2723710881462198E-02  7.8503290454933817E-09
    5    2    2     3.2723710881462198E-02  7.8503290454933817E-09
    5    3    1    -6.3060670760716510E-03  1.1710196881091679E-08
    5    3    2    -6.3060670760716510E-03  1.1710196881091679E-08
    5    4    1    -9.0707456706281171E-03  7.9060571309155195E-09
    5    4    2    -9.0707456706281171E-03  7.9060571309155195E-09
    5    5    1    -1.1754651328280963E-02  1.2158183055019607E-09
    5    5    2    -1.1754651328280963E-02  1.2158183055019607E-09
    5    6    1    -9.0707317486377996E-03  4.4788735263247129E-09
    5    6    2    -9.0707317486377996E-03  4.4788735263247129E-09
    5    7    1     3.0108747046663394E-03 -7.1945975772731763E-09
    5    7    2     3.0108747046663394E-03 -7.1945975772731763E-09
    5    8    1     1.2709511925230548E-02  5.3015705097140986E-09
    5    8    2     1.2709511925230548E-02  5.3015705097140986E-09
    6    1    1     3.2723693353004436E-02  1.7765507046569435E-08
    6    1    2     3.2723693353004436E-02  1.7765507046569435E-08
    6    2    1     2.4803569167600025E-02  1.5457789650966612E-08
    6    2    2     2.4803569167600025E-02  1.5457789650966612E-08
    6    3    1    -9.0707319673301139E-03  1.7715639317918079E-08
    6    3    2    -9.0707319673301139E-03  1.7715639317918079E-08
    6    4    1    -6.4558742256232080E-03  8.4983245468328887E-09
    6    4    2    -6.4558742256232080E-03  8.4983245468328887E-09
    6    5    1    -9.0707226416595205E-03  5.4841937854053016E-10
    6    5    2    -9.0707226416595205E-03  5.4841937854053016E-10
    6    6    1    -4.4751028178917802E-03  8.9777477023654917E-09
    6    6    2    -4.4751028178917802E-03  8.9777477023654917E-09
    6    7    1     1.2709533356665369E-02 -1.3814776131323991E-08
    6    7    2     1.2709533356665369E-02 -1.3814776131323991E-08
    6    8    1     1.2709546738309997E-02  7.5687554239916503E-09
    6    8    2     1.2709546738309997E-02  7.5687554239916503E-09
    7    1    1     8.4641417311119072E-02  1.0351381577377114E-08
    7    1    2     8.4641417311119072E-02  1.0351381577377114E-08
    7    2    1     8.4641418131910978E-02 -1.4543718619258175E-08
    7    2    2     8.4641418131910978E-02 -1.4543718619258175E-08
    7    3    1     1.2709582083463865E-02 -3.5908073228957988E-09
    7    3    2     1.2709582083463865E-02 -3.5908073228957988E-09
    7    4    1     1.2709574040088635E-02 -3.1169918517326379E-09
    7    4    2     1.2709574040088635E-02 -3.1169918517326379E-09
    7    5    1     3.0108666164943079E-03  2.1429488266362794E-09
    7    5    2     3.0108666164943079E-03  2.1429488266362794E-09
    7    6    1     1.2709557495813775E-02  3.2834380385898592E-09
    7    6    2     1.2709557495813775E-02  3.2834380385898592E-09
    7    7    1    -1.1754651925285260E-02  1.8161720245216600E-09
    7    7    2    -1.1754651925285260E-02  1.8161720245216600E-09
    7    8    1     8.4641437084507498E-02 -6.7348132652613347E-09
    7    8    2     8.4641437084507498E-02 -6.7348132652613347E-09
    8    1    1    -9.0707619925481046E-03 -2.4212736069589846E-10
    8    1    2    -9.0707619925481046E-03 -2.4212736069589846E-10
    8    2    1    -9.0707567568987686E-03  6.5182053735632697E-09
    8    2    2    -9.0707567568987686E-03  6.5182053735632697E-09
    8    3    1     3.0108644272273128E-03  1.8136379545628789E-09
    8    3    2     3.0108644272273128E-03  1.8136379545628789E-09
    8    4    1     1.2709578191272303E-02 -3.7104557951650775E-09
    8    4    2     1.2709578191272303E-02 -3.7104557951650775E-09
    8    5    1     1.2709630010874762E-02 -3.2711733667656588E-09
    8    5    2     1.2709630010874762E-02 -3.2711733667656588E-09
    8    6    1     1.2709608810359615E-02 -7.9269332655377720E-10
    8    6    2     1.2709608810359615E-02 -7.9269332655377720E-10
    8    7    1     8.4641472226402475E-02 -8.1085164568039697E-09
    8    7    2     8.4641472226402475E-02 -8.1085164568039697E-09
    8    8    1    -1.1754662276285532E-02 -1.9031743984267297E-09
    8    8    2    -1.1754662276285532E-02 -1.9031743984267297E-09
      0      0      0
    1    1    1     2.2106337378634777E-01 -4.8910354652609425E-09
    1    1    2     2.2106337378634777E-01 -4.8910354652609425E-09
    1    2    1     8.4641482650382252E-02 -5.1067519110294536E-09
    1    2    2     8.4641482650382252E-02 -5.1067519110294536E-09
    1    3    1     3.2723716894514601E-02 -3.4368220341879396E-09
    1    3    2     3.2723716894514601E-02 -3.4368220341879396E-09
    1    4    1     2.4803558172511290E-02 -8.1236731615268327E-09
    1    4    2     2.4803558172511290E-02 -8.1236731615268327E-09
    1    5    1     1.2709524778115586E-02 -3.8254145650598505E-10
    1    5    2     1.2709524778115586E-02 -3.8254145650598505E-10
    1    6    1     3.2723695305595671E-02 -8.4171135729063261E-09
    1    6    2     3.2723695305595671E-02 -8.4171135729063261E-09
    1    7    1    -9.0707260060483661E-03 -8.9811952414678236E-09
    1    7    2    -9.0707260060483661E-03 -8.9811952414678236E-09
    1    8    1     8.4641466294420153E-02 -7.9066115726822688E-09
    1    8    2     8.4641466294420153E-02 -7.9066115726822688E-09
    2    1    1     8.4641483341996629E-02 -1.5741491016365910E-09
    2    1    2     8.4641483341996629E-02 -1.5741491016365910E-09
    2    2    1     2.2106336066533633E-01 -1.0182535795311459E-08
    2    2    2     2.2106336066533633E-01 -1.0182535795311459E-08
    2    3    1     3.2723695472116454E-02 -8.0701795964927838E-09
    2    3    2     3.2723695472116454E-02 -8.0701795964927838E-09
    2    4    1     3.2723697490086676E-02  6.8446712837497148E-10
    2    4    2     3.2723697490086676E-02  6.8446712837497148E-10
    2    5    1     1.2709507898678838E-02  2.8907362238317033E-09
    2    5    2     1.2709507898678838E-02  2.8907362238317033E-09
    2    6    1     2.4803527485881924E-02  4.5442355958874365E-09
    2    6    2     2.4803527485881924E-02  4.5442355958874365E-09
    2    7    1    -9.0707199130371664E-03  1.5519286450298782E-08
    2    7    2    -9.0707199130371664E-03  1.5519286450298782E-08
    2    8    1     8.4641468730078218E-02  4.5567041658494653E-09
    2    8    2     8.4641468730078218E-02  4.5567041658494653E-09
    3    1    1     3.2723656306772569E-02  2.6481506328049845E-08
    3    1    2     3.2723656306772569E-02  2.6481506328049845E-08
    3    2    1     3.2723640119072694E-02  2.2793429937203633E-08
    3    2    2     3.2723640119072694E-02  2.2793429937203633E-08
    3    3    1     2.2106338558247832E-01  1.5101215992900775E-08
    3    3    2     2.2106338558247832E-01  1.5101215992900775E-08
    3    4    1     8.4641447511460272E-02 -8.3042558498275915E-09
    3    4    2     8.4641447511460272E-02 -8.3042558498275915E-09
    3    5    1     8.4641487389193720E-02 -2.4621249634843620E-08
    3    5    2     8.4641487389193720E-02 -2.4621249634843620E-08
    3    6    1     8.4641451917190177E-02 -3.3042959050388319E-08
    3    6    2     8.4641451917190177E-02 -3.3042959050388319E-08
    3    7    1     1.2709655164125547E-02 -2.5438945650875290E-08
    3    7    2     1.2709655164125547E-02 -2.5438945650875290E-08
    3    8    1     2.4803526081242096E-02 -1.0561517605336761E-08
    3    8    2     2.4803526081242096E-02 -1.0561517605336761E-08
    4    1    1     2.4803565018661041E-02  1.1163737358534705E-08
    4    1    2     2.4803565018661041E-02  1.1163737358534705E-08
    4    2    1     3.2723727984028839E-02  1.2167618673948247E-08
    4    2    2     3.2723727984028839E-02  1.2167618673948247E-08
    4    3    1     8.4641440250447661E-02  4.0221288066558353E-09
    4    3    2     8.4641440250447661E-02  4.0221288066558353E-09
    4    4    1     2.2106338120359187E-01  8.0476879578387449E-09
    4    4    2     2.2106338120359187E-01  8.0476879578387449E-09
    4    5    1     8.4641430642599699E-02 -7.4554146681435883E-09
    4    5    2     8.4641430642599699E-02 -7.4554146681435883E-09
    4    6    1     8.4641465648944703E-02  5.5067500899670923E-09
    4    6    2     8.4641465648944703E-02  5.5067500899670923E-09
    4    7    1     3.2723709843765159E-02  1.9440226919833093E-10
    4    7    2     3.2723709843765159E-02  1.9440226919833093E-10
    4    8    1     3.2723744355089339E-02  1.5915452158370457E-08
    4    8    2     3.2723744355089339E-02  1.5915452158370457E-08
    5    1    1     1.2709630259835833E-02 -6.1155896982468898E-09
    5    1    2     1.2709630259835833E-02 -6.1155896982468898E-09
    5    2    1     1.2709610448092330E-02 -2.7038583890712535E-09
    5    2    2     1.2709610448092330E-02 -2.7038583890712535E-09
    5    3    1     8.4641471667281198E-02 -4.0460299421821513E-09
    5    3    2     8.4641471667281198E-02 -4.0460299421821513E-09
    5    4    1     8.4641460956934408E-02 -4.2178657187606121E-10
    5    4    2     8.4641460956934408E-02 -4.2178657187606121E-10
    5    5    1     2.2106335961571461E-01  6.2712051563307073E-09
    5    5    2     2.2106335961571461E-01  6.2712051563307073E-09
    5    6    1     8.4641453718788506E-02  1.7728678645712601E-09
    5    6    2     8.4641453718788506E-02  1.7728678645712601E-09
    5    7    1     2.4803549898968817E-02  1.0354392238991703E-09
    5    7    2     2.4803549898968817E-02  1.0354392238991703E-09
    5    8    1     1.2709628957920494E-02 -1.1339920072588363E-08
    5    8    2     1.2709628957920494E-02 -1.1339920072588363E-08
    6    1    1     3.2723706058801691E-02 -4.7215853707420702E-09
    6    1    2     3.2723706058801691E-02 -4.7215853707420702E-09
    6    2    1     2.4803533262206433E-02 -6.2409865889723541E-09
    6    2    2     2.4803533262206433E-02 -6.2409865889723541E-09
    6    3    1     8.4641449253777201E-02 -5.4746559658931172E-09
    6    3    2     8.4641449253777201E-02 -5.4746559658931172E-09
    6    4    1     8.4641467761104178E-02  3.7998980549852710E-09
    6    4    2     8.4641467761104178E-02  3.7998980549852710E-09
    6    5    1     8.4641451720844293E-02  1.1683507955336935E-08
    6    5    2     8.4641451720844293E-02  1.1683507955336935E-08
    6    6    1     2.2106335499314306E-01  7.1607305860891669E-09
    6    6    2     2.2106335499314306E-01  7.1607305860891669E-09
    6    7    1     3.2723744885705085E-02  5.0132701417509836E-09
    6    7    2     3.2723744885705085E-02  5.0132701417509836E-09
    6    8    1     3.2723701242186876E-02 -1.6601754841385130E-08
    6    8    2     3.2723701242186876E-02 -1.6601754841385130E-08
    7    1    1    -9.0707448906918176E-03 -5.6832832528040038E-09
    7    1    2    -9.0707448906918176E-03 -5.6832832528040038E-09
    7    2    1    -9.0707379742774839E-03  1.7189044839071774E-08
    7    2    2    -9.0707379742774839E-03  1.7189044839071774E-08
    7    3    1     1.2709547296274206E-02  6.4578285461788902E-09
    7    3    2     1.2709547296274206E-02  6.4578285461788902E-09
    7    4    1     3.2723671152946929E-02  6.6013306498720792E-09
    7    4    2     3.2723671152946929E-02  6.6013306498720792E-09
    7    5    1     2.4803555609111481E-02  5.2466228191472454E-10
    7    5    2     2.4803555609111481E-02  5.2466228191472454E-10
    7    6    1     3.2723709707878836E-02  2.2230100098094780E-09
    7    6    2     3.2723709707878836E-02  2.2230100098094780E-09
    7    7    1     2.2106337817128466E-01 -3.4935229887662701E-09
    7    7    2     2.2106337817128466E-01 -3.4935229887662701E-09
    7    8    1    -6.3060296360798809E-03  5.2834223165107788E-09
    7    8    2    -6.3060296360798809E-03  5.2834223165107788E-09
    8    1    1     8.4641435529141384E-02  5.2972783518484340E-10
    8    1    2     8.4641435529141384E-02  5.2972783518484340E-10
    8    2    1     8.4641440790893807E-02 -7.6398518684666624E-09
    8    2    2     8.4641440790893807E-02 -7.6398518684666624E-09
    8    3    1     2.4803531500528359E-02  3.9262317872926092E-09
    8    3    2     2.4803531500528359E-02  3.9262317872926092E-09
    8    4    1     3.2723668366373415E-02  4.5300844712012408E-09
    8    4    2     3.2723668366373415E-02  4.5300844712012408E-09
    8    5    1     1.2709505231313634E-02  9.2398100654761177E-09
    8    5    2     1.2709505231313634E-02  9.2398100654761177E-09
    8    6    1     3.2723640177149536E-02  3.0251220162902251E-09
    8    6    2     3.2723640177149536E-02  3.0251220162902251E-09
    8    7    1    -6.3060648947208704E-03  2.6377648562232194E-09
    8    7    2    -6.3060648947208704E-03  2.6377648562232194E-09
    8    8    1     2.2106338206879758E-01 -3.6972822749059990E-09
    8    8    2     2.2106338206879758E-01 -3.6972822749059990E-09
