    0.0000   -6.6435
    0.1000   -6.6185
    0.2000   -6.5397
    0.3000   -6.3971
    0.4000   -6.1760
    0.5000   -5.8593
    0.6000   -5.4310
    0.7000   -4.8788
    0.8000   -4.1975
    0.9000   -3.3901
    1.0000   -2.4699
    1.0354   -2.4746
    1.0707   -2.4889
    1.1061   -2.5135
    1.1414   -2.5492
    1.1768   -2.5972
    1.2121   -2.6589
    1.2475   -2.7356
    1.2828   -2.8284
    1.3182   -2.9380
    1.3536   -3.0648
    1.3536   -3.0648
    1.4596   -3.5398
    1.5657   -4.1154
    1.6718   -4.7174
    1.7778   -5.2760
    1.8839   -5.7452
    1.9899   -6.1063
    2.0960   -6.3617
    2.2021   -6.5256
    2.3081   -6.6153
    2.4142   -6.6435
    2.5008   -6.6248
    2.5874   -6.5662
    2.6740   -6.4615
    2.7606   -6.3010
    2.8472   -6.0732
    2.9338   -5.7681
    3.0204   -5.3821
    3.1070   -4.9313
    3.1936   -4.4900
    3.2802   -4.2753
    3.3509   -4.2626
    3.4217   -4.2234
    3.4924   -4.1540
    3.5631   -4.0493
    3.6338   -3.9035
    3.7045   -3.7112
    3.7752   -3.4699
    3.8459   -3.1815
    3.9166   -2.8550
    3.9873   -2.5092
    4.0373   -2.5082
    4.0873   -2.5054
    4.1373   -2.5011
    4.1873   -2.4957
    4.2373   -2.4896
    4.2873   -2.4835
    4.3373   -2.4780
    4.3873   -2.4736
    4.4373   -2.4708
    4.4873   -2.4699

    0.0000    5.4055
    0.1000    5.2895
    0.2000    4.9470
    0.3000    4.3940
    0.4000    3.6561
    0.5000    2.7671
    0.6000    1.7672
    0.7000    0.6999
    0.8000   -0.3899
    0.9000   -1.4593
    1.0000   -2.4699
    1.0354   -2.4661
    1.0707   -2.4548
    1.1061   -2.4355
    1.1414   -2.4075
    1.1768   -2.3701
    1.2121   -2.3222
    1.2475   -2.2624
    1.2828   -2.1897
    1.3182   -2.1025
    1.3536   -1.9994
    1.3536   -1.9994
    1.4596   -1.5825
    1.5657   -0.9843
    1.6718   -0.1984
    1.7778    0.7515
    1.8839    1.8090
    1.9899    2.8884
    2.0960    3.8860
    2.2021    4.6948
    2.3081    5.2223
    2.4142    5.4055
    2.5008    5.2708
    2.5874    4.8759
    2.6740    4.2473
    2.7606    3.4266
    2.8472    2.4670
    2.9338    1.4301
    3.0204    0.3839
    3.1070   -0.5908
    3.1936   -1.3684
    3.2802   -1.6990
    3.3509   -1.6863
    3.4217   -1.6512
    3.4924   -1.6023
    3.5631   -1.5550
    3.6338   -1.5322
    3.7045   -1.5634
    3.7752   -1.6766
    3.8459   -1.8845
    3.9166   -2.1733
    3.9873   -2.5092
    4.0373   -2.5082
    4.0873   -2.5054
    4.1373   -2.5011
    4.1873   -2.4957
    4.2373   -2.4896
    4.2873   -2.4835
    4.3373   -2.4780
    4.3873   -2.4736
    4.4373   -2.4708
    4.4873   -2.4699

    0.0000    5.4055
    0.1000    5.3334
    0.2000    5.1243
    0.3000    4.7987
    0.4000    4.3887
    0.5000    3.9345
    0.6000    3.4806
    0.7000    3.0714
    0.8000    2.7469
    0.9000    2.5386
    1.0000    2.4668
    1.0354    2.4618
    1.0707    2.4470
    1.1061    2.4237
    1.1414    2.3938
    1.1768    2.3598
    1.2121    2.3249
    1.2475    2.2923
    1.2828    2.2654
    1.3182    2.2474
    1.3536    2.2412
    1.3536    2.2412
    1.4596    2.3118
    1.5657    2.5285
    1.6718    2.8739
    1.7778    3.3108
    1.8839    3.7964
    1.9899    4.2855
    2.0960    4.7320
    2.2021    5.0912
    2.3081    5.3246
    2.4142    5.4055
    2.5008    5.3753
    2.5874    5.2877
    2.6740    5.1512
    2.7606    4.9792
    2.8472    4.7885
    2.9338    4.5979
    3.0204    4.4259
    3.1070    4.2894
    3.1936    4.2017
    3.2802    4.1716
    3.3509    4.1139
    3.4217    3.9471
    3.4924    3.6891
    3.5631    3.3701
    3.6338    3.0321
    3.7045    2.7256
    3.7752    2.5005
    3.8459    2.3900
    3.9166    2.3976
    3.9873    2.5028
    4.0373    2.5020
    4.0873    2.4994
    4.1373    2.4955
    4.1873    2.4905
    4.2373    2.4849
    4.2873    2.4793
    4.3373    2.4743
    4.3873    2.4703
    4.4373    2.4677
    4.4873    2.4668

    0.0000    5.4055
    0.1000    5.3334
    0.2000    5.1243
    0.3000    4.7987
    0.4000    4.3887
    0.5000    3.9345
    0.6000    3.4806
    0.7000    3.0714
    0.8000    2.7469
    0.9000    2.5386
    1.0000    2.4668
    1.0354    2.4728
    1.0707    2.4907
    1.1061    2.5203
    1.1414    2.5614
    1.1768    2.6134
    1.2121    2.6758
    1.2475    2.7481
    1.2828    2.8293
    1.3182    2.9189
    1.3536    3.0157
    1.3536    3.0157
    1.4596    3.3408
    1.5657    3.6965
    1.6718    4.0565
    1.7778    4.3973
    1.8839    4.7008
    1.9899    4.9550
    2.0960    5.1534
    2.2021    5.2942
    2.3081    5.3778
    2.4142    5.4055
    2.5008    5.3753
    2.5874    5.2877
    2.6740    5.1512
    2.7606    4.9792
    2.8472    4.7885
    2.9338    4.5979
    3.0204    4.4259
    3.1070    4.2894
    3.1936    4.2017
    3.2802    4.1716
    3.3509    4.1456
    3.4217    4.0689
    3.4924    3.9452
    3.5631    3.7802
    3.6338    3.5816
    3.7045    3.3591
    3.7752    3.1242
    3.8459    2.8908
    3.9166    2.6763
    3.9873    2.5028
    4.0373    2.5020
    4.0873    2.4994
    4.1373    2.4955
    4.1873    2.4905
    4.2373    2.4849
    4.2873    2.4793
    4.3373    2.4743
    4.3873    2.4703
    4.4373    2.4677
    4.4873    2.4668

    0.0000    8.9438
    0.1000    8.8770
    0.2000    8.6817
    0.3000    8.3747
    0.4000    7.9866
    0.5000    7.5638
    0.6000    7.1664
    0.7000    6.8601
    0.8000    6.7046
    0.9000    6.7394
    1.0000    6.9720
    1.0354    6.9712
    1.0707    6.9693
    1.1061    6.9672
    1.1414    6.9663
    1.1768    6.9684
    1.2121    6.9756
    1.2475    6.9898
    1.2828    7.0125
    1.3182    7.0453
    1.3536    7.0892
    1.3536    7.0892
    1.4596    7.2905
    1.5657    7.5875
    1.6718    7.9490
    1.7778    8.3328
    1.8839    8.6976
    1.9899    9.0108
    2.0960    9.2485
    2.2021    9.1874
    2.3081    9.0037
    2.4142    8.9438
    2.5008    9.0229
    2.5874    9.1796
    2.6740    9.1102
    2.7606    8.9185
    2.8472    8.6817
    2.9338    8.4376
    3.0204    8.2149
    3.1070    8.0372
    3.1936    7.9228
    3.2802    7.8834
    3.3509    7.8746
    3.4217    7.8461
    3.4924    7.7948
    3.5631    7.7217
    3.6338    7.6359
    3.7045    7.5538
    3.7752    7.4962
    3.8459    7.4849
    3.9166    7.5396
    3.9873    7.6755
    4.0373    7.6578
    4.0873    7.6066
    4.1373    7.5272
    4.1873    7.4279
    4.2373    7.3188
    4.2873    7.2107
    4.3373    7.1139
    4.3873    7.0375
    4.4373    6.9888
    4.4873    6.9720

    0.0000    8.9438
    0.1000    9.1544
    0.2000    9.7064
    0.3000    9.6678
    0.4000    9.5418
    0.5000    9.2924
    0.6000    8.9102
    0.7000    8.4209
    0.8000    7.8826
    0.9000    7.3733
    1.0000    6.9720
    1.0354    6.9897
    1.0707    7.0423
    1.1061    7.1287
    1.1414    7.2471
    1.1768    7.3949
    1.2121    7.5690
    1.2475    7.7657
    1.2828    7.9809
    1.3182    8.2100
    1.3536    8.4483
    1.3536    8.4483
    1.4596    9.1695
    1.5657    9.8016
    1.6718   10.2410
    1.7778   10.4291
    1.8839   10.3625
    1.9899    9.9655
    2.0960    9.5044
    2.2021    9.3258
    2.3081    9.0460
    2.4142    8.9438
    2.5008    9.0229
    2.5874    9.2524
    2.6740    9.6100
    2.7606   10.0606
    2.8472   10.5601
    2.9338   11.0596
    3.0204   11.5101
    3.1070   11.8677
    3.1936   12.0973
    3.2802   12.1764
    3.3509   12.0008
    3.4217   11.5548
    3.4924   10.9720
    3.5631   10.3442
    3.6338    9.7261
    3.7045    9.1530
    3.7752    8.6488
    3.8459    8.2297
    3.9166    7.9047
    3.9873    7.6766
    4.0373    7.6589
    4.0873    7.6075
    4.1373    7.5281
    4.1873    7.4286
    4.2373    7.3194
    4.2873    7.2110
    4.3373    7.1141
    4.3873    7.0376
    4.4373    6.9888
    4.4873    6.9720

    0.0000    8.9438
    0.1000    9.1544
    0.2000    9.7581
    0.3000   10.6758
    0.4000   11.7929
    0.5000   12.9801
    0.6000   14.1135
    0.7000   15.0898
    0.8000   15.8334
    0.9000   16.2963
    1.0000   16.4532
    1.0354   16.4367
    1.0707   16.3873
    1.1061   16.3057
    1.1414   16.1927
    1.1768   16.0497
    1.2121   15.8783
    1.2475   15.6805
    1.2828   15.4585
    1.3182   15.2146
    1.3536   14.9516
    1.3536   14.9517
    1.4596   14.0761
    1.5657   13.1318
    1.6718   12.1944
    1.7778   11.3271
    1.8839   10.5757
    1.9899   10.0919
    2.0960    9.7093
    2.2021    9.3705
    2.3081    9.1597
    2.4142    8.9438
    2.5008    9.0424
    2.5874    9.2524
    2.6740    9.6100
    2.7606   10.0606
    2.8472   10.5601
    2.9338   11.0596
    3.0204   11.5101
    3.1070   11.8677
    3.1936   12.0973
    3.2802   12.1764
    3.3509   12.2356
    3.4217   12.4136
    3.4924   12.7091
    3.5631   13.1136
    3.6338   13.6085
    3.7045   14.1651
    3.7752   14.7493
    3.8459   15.3245
    3.9166   15.8558
    3.9873   16.3118
    4.0373   16.3157
    4.0873   16.3271
    4.1373   16.3443
    4.1873   16.3652
    4.2373   16.3874
    4.2873   16.4087
    4.3373   16.4272
    4.3873   16.4413
    4.4373   16.4502
    4.4873   16.4532

    0.0000    9.6984
    0.1000    9.7040
    0.2000    9.7581
    0.3000   10.6758
    0.4000   11.7929
    0.5000   12.9801
    0.6000   14.1135
    0.7000   15.0898
    0.8000   15.8334
    0.9000   16.2963
    1.0000   16.4532
    1.0354   16.4667
    1.0707   16.5063
    1.1061   16.5697
    1.1414   16.6533
    1.1768   16.7523
    1.2121   16.8611
    1.2475   16.9734
    1.2828   17.0827
    1.3182   17.1825
    1.3536   17.2663
    1.3536   17.2663
    1.4596   17.3638
    1.5657   17.1352
    1.6718   16.5137
    1.7778   15.5084
    1.8839   14.2047
    1.9899   12.7518
    2.0960   11.3423
    2.2021   10.2046
    2.3081    9.7263
    2.4142    9.6984
    2.5008    9.7137
    2.5874    9.9070
    2.6740   10.4913
    2.7606   11.3317
    2.8472   12.2876
    2.9338   13.2509
    3.0204   14.1223
    3.1070   14.8149
    3.1936   15.2598
    3.2802   15.4131
    3.3509   15.5463
    3.4217   15.8661
    3.4924   16.2409
    3.5631   16.5828
    3.6338   16.8426
    3.7045   16.9918
    3.7752   17.0150
    3.8459   16.9064
    3.9166   16.6686
    3.9873   16.3129
    4.0373   16.3168
    4.0873   16.3280
    4.1373   16.3451
    4.1873   16.3659
    4.2373   16.3879
    4.2873   16.4091
    4.3373   16.4274
    4.3873   16.4414
    4.4373   16.4502
    4.4873   16.4532

