     -1     -1     -1
    1    1    1     3.5995127062095561E-01 -1.4143451585817692E-16
    1    1    2     3.5995127062095561E-01 -1.4143451585817692E-16
    1    2    1     3.8249311346218157E-01 -1.3673144647757818E-16
    1    2    2     3.8249311346218157E-01 -1.3673144647757818E-16
    1    3    1     3.7018822650149563E-01 -6.5065682876286335E-16
    1    3    2     3.7018822650149563E-01 -6.5065682876286335E-16
    1    4    1     3.9625126604567745E-01 -3.0771521127622575E-16
    1    4    2     3.9625126604567745E-01 -3.0771521127622575E-16
    1    5    1     3.8249282933088369E-01 -2.1464492509781774E-16
    1    5    2     3.8249282933088369E-01 -2.1464492509781774E-16
    1    6    1     3.7018851300650496E-01 -2.4147892886683398E-16
    1    6    2     3.7018851300650496E-01 -2.4147892886683398E-16
    1    7    1     4.1054931854526322E-01 -2.3082748955511115E-16
    1    7    2     4.1054931854526322E-01 -2.3082748955511115E-16
    1    8    1     3.7018849865198999E-01 -9.2455340258701391E-17
    1    8    2     3.7018849865198999E-01 -9.2455340258701391E-17
    2    1    1     3.8249311346218151E-01  2.2621878328910050E-16
    2    1    2     3.8249311346218151E-01  2.2621878328910050E-16
    2    2    1     3.5995426504710165E-01 -1.6044464120175140E-16
    2    2    2     3.5995426504710165E-01 -1.6044464120175140E-16
    2    3    1     3.9625119027460959E-01  2.2616457318047622E-16
    2    3    2     3.9625119027460959E-01  2.2616457318047622E-16
    2    4    1     4.7341184475749487E-01  6.7354365899767454E-17
    2    4    2     4.7341184475749487E-01  6.7354365899767454E-17
    2    5    1     4.1396467758644007E-01 -2.2429432443293873E-17
    2    5    2     4.1396467758644007E-01 -2.2429432443293873E-17
    2    6    1     3.8249327177158476E-01 -8.1315162936412833E-17
    2    6    2     3.8249327177158476E-01 -8.1315162936412833E-17
    2    7    1     3.7018851785598322E-01 -1.9838189251053517E-16
    2    7    2     3.7018851785598322E-01 -1.9838189251053517E-16
    2    8    1     4.1054970325903323E-01  9.6963673120462404E-17
    2    8    2     4.1054970325903323E-01  9.6963673120462404E-17
    3    1    1     3.7018822650149563E-01  6.2031949672400333E-16
    3    1    2     3.7018822650149563E-01  6.2031949672400333E-16
    3    2    1     3.9625119027460953E-01 -1.8018084853993477E-16
    3    2    2     3.9625119027460953E-01 -1.8018084853993477E-16
    3    3    1     3.5995107739482096E-01 -1.3454598961707764E-16
    3    3    2     3.5995107739482096E-01 -1.3454598961707764E-16
    3    4    1     3.8249300012590326E-01 -2.2638649581265685E-16
    3    4    2     3.8249300012590326E-01 -2.2638649581265685E-16
    3    5    1     4.1054909362332642E-01 -3.1792365235653458E-16
    3    5    2     4.1054909362332642E-01 -3.1792365235653458E-16
    3    6    1     3.7018840333268954E-01  6.2887791762306078E-16
    3    6    2     3.7018840333268954E-01  6.2887791762306078E-16
    3    7    1     3.9625100754994802E-01 -2.2587319384662075E-16
    3    7    2     3.9625100754994802E-01 -2.2587319384662075E-16
    3    8    1     3.7018840150952259E-01  5.5475914660652048E-16
    3    8    2     3.7018840150952259E-01  5.5475914660652048E-16
    4    1    1     3.9625126604567745E-01 -9.9497995698647271E-17
    4    1    2     3.9625126604567745E-01 -9.9497995698647271E-17
    4    2    1     4.7341184475749487E-01  2.7397280678940344E-16
    4    2    2     4.7341184475749487E-01  2.7397280678940344E-16
    4    3    1     3.8249300012590326E-01 -2.9123533825444609E-17
    4    3    2     3.8249300012590326E-01 -2.9123533825444609E-17
    4    4    1     3.5995424868083248E-01 -1.5580253889371293E-16
    4    4    2     3.5995424868083248E-01 -1.5580253889371293E-16
    4    5    1     4.1396458732523589E-01 -1.1670758760448652E-16
    4    5    2     4.1396458732523589E-01 -1.1670758760448652E-16
    4    6    1     4.1054965315380187E-01 -2.6525683776215669E-16
    4    6    2     4.1054965315380187E-01 -2.6525683776215669E-16
    4    7    1     4.1396465261931792E-01  7.9276862852140084E-16
    4    7    2     4.1396465261931792E-01  7.9276862852140084E-16
    4    8    1     3.8249328720521258E-01 -7.5918546622866234E-16
    4    8    2     3.8249328720521258E-01 -7.5918546622866234E-16
    5    1    1     3.8249282933088369E-01 -1.2296885515059031E-16
    5    1    2     3.8249282933088369E-01 -1.2296885515059031E-16
    5    2    1     4.1396467758644018E-01 -2.4936649967166602E-18
    5    2    2     4.1396467758644018E-01 -2.4936649967166602E-18
    5    3    1     4.1054909362332653E-01  1.6976657845344315E-16
    5    3    2     4.1054909362332653E-01  1.6976657845344315E-16
    5    4    1     4.1396458732523600E-01 -1.2307727536783886E-16
    5    4    2     4.1396458732523600E-01 -1.2307727536783886E-16
    5    5    1     3.5995371632034057E-01 -1.4705774009491065E-16
    5    5    2     3.5995371632034057E-01 -1.4705774009491065E-16
    5    6    1     3.9625120571371919E-01 -8.3460527985218524E-16
    5    6    2     3.9625120571371919E-01 -8.3460527985218524E-16
    5    7    1     4.1396434856042302E-01  1.9799564548658721E-16
    5    7    2     4.1396434856042302E-01  1.9799564548658721E-16
    5    8    1     3.8249299247798735E-01 -8.7684850699765171E-18
    5    8    2     3.8249299247798735E-01 -8.7684850699765171E-18
    6    1    1     3.7018851300650496E-01 -6.4835289914633165E-17
    6    1    2     3.7018851300650496E-01 -6.4835289914633165E-17
    6    2    1     3.8249327177158476E-01 -1.9811084196741380E-16
    6    2    2     3.8249327177158476E-01 -1.9811084196741380E-16
    6    3    1     3.7018840333268971E-01 -6.7473289325561958E-16
    6    3    2     3.7018840333268971E-01 -6.7473289325561958E-16
    6    4    1     4.1054965315380193E-01  2.7208053518523734E-16
    6    4    2     4.1054965315380193E-01  2.7208053518523734E-16
    6    5    1     3.9625120571371913E-01  3.5017316127382118E-16
    6    5    2     3.9625120571371913E-01  3.5017316127382118E-16
    6    6    1     3.5995161408517212E-01 -1.3753796889747137E-16
    6    6    2     3.5995161408517212E-01 -1.3753796889747137E-16
    6    7    1     3.8249307307721564E-01 -1.5638303437035157E-16
    6    7    2     3.8249307307721564E-01 -1.5638303437035157E-16
    6    8    1     3.7018867850724196E-01 -6.0384978809759071E-17
    6    8    2     3.7018867850724196E-01 -6.0384978809759071E-17
    7    1    1     4.1054931854526322E-01  1.6032216109155770E-16
    7    1    2     4.1054931854526322E-01  1.6032216109155770E-16
    7    2    1     3.7018851785598322E-01 -3.8367204378830788E-17
    7    2    2     3.7018851785598322E-01 -3.8367204378830788E-17
    7    3    1     3.9625100754994808E-01  3.3320243265910765E-16
    7    3    2     3.9625100754994808E-01  3.3320243265910765E-16
    7    4    1     4.1396465261931803E-01 -4.8574290206424009E-16
    7    4    2     4.1396465261931803E-01 -4.8574290206424009E-16
    7    5    1     4.1396434856042280E-01  1.8939656700606156E-17
    7    5    2     4.1396434856042280E-01  1.8939656700606156E-17
    7    6    1     3.8249307307721564E-01  1.3320905996642117E-16
    7    6    2     3.8249307307721564E-01  1.3320905996642117E-16
    7    7    1     3.5995390707943598E-01 -1.6099634446298720E-16
    7    7    2     3.5995390707943598E-01 -1.6099634446298720E-16
    7    8    1     3.8249311395677993E-01  2.0961693752291621E-16
    7    8    2     3.8249311395677993E-01  2.0961693752291621E-16
    8    1    1     3.7018849865199011E-01  7.8591104978043003E-17
    8    1    2     3.7018849865199011E-01  7.8591104978043003E-17
    8    2    1     4.1054970325903334E-01 -1.1252112726268214E-16
    8    2    2     4.1054970325903334E-01 -1.1252112726268214E-16
    8    3    1     3.7018840150952265E-01 -6.5693164883612321E-16
    8    3    2     3.7018840150952265E-01 -6.5693164883612321E-16
    8    4    1     3.8249328720521264E-01  5.6947719109801120E-16
    8    4    2     3.8249328720521264E-01  5.6947719109801120E-16
    8    5    1     3.8249299247798740E-01 -3.8413282971161422E-16
    8    5    2     3.8249299247798740E-01 -3.8413282971161422E-16
    8    6    1     3.7018867850724191E-01 -2.7086588993887467E-16
    8    6    2     3.7018867850724191E-01 -2.7086588993887467E-16
    8    7    1     3.8249311395677998E-01 -1.3186608922854948E-16
    8    7    2     3.8249311395677998E-01 -1.3186608922854948E-16
    8    8    1     3.5995163031972749E-01 -1.3938701668393244E-16
    8    8    2     3.5995163031972749E-01 -1.3938701668393244E-16
     -1     -1      0
    1    1    1     4.1261416726291517E-01  6.2244922271851125E-18
    1    1    2     4.1261416726291517E-01  6.2244922271851125E-18
    1    2    1     3.8249303382858374E-01  6.6781432814244646E-16
    1    2    2     3.8249303382858374E-01  6.6781432814244646E-16
    1    3    1     4.1396280751158943E-01  1.5363144784119598E-16
    1    3    2     4.1396280751158943E-01  1.5363144784119598E-16
    1    4    1     5.5669007371383605E-01  4.6316777995401848E-16
    1    4    2     5.5669007371383605E-01  4.6316777995401848E-16
    1    5    1     3.9625082232238018E-01 -2.2562247209423347E-16
    1    5    2     3.9625082232238018E-01 -2.2562247209423347E-16
    1    6    1     4.1396316874127009E-01 -5.8804415330182547E-16
    1    6    2     4.1396316874127009E-01 -5.8804415330182547E-16
    1    7    1     4.1054929756331993E-01  6.5521386601909148E-16
    1    7    2     4.1054929756331993E-01  6.5521386601909148E-16
    1    8    1     4.7342726358810328E-01 -1.0484235007934828E-16
    1    8    2     4.7342726358810328E-01 -1.0484235007934828E-16
    2    1    1     3.8249303382858368E-01 -8.1411385879220921E-16
    2    1    2     3.8249303382858368E-01 -8.1411385879220921E-16
    2    2    1     4.1262103816198897E-01  6.3498483705432587E-18
    2    2    2     4.1262103816198897E-01  6.3498483705432587E-18
    2    3    1     3.8249298624395117E-01 -3.3610267347050637E-18
    2    3    2     3.8249298624395117E-01 -3.3610267347050637E-18
    2    4    1     4.1396487743361510E-01 -1.3530233248897072E-15
    2    4    2     4.1396487743361510E-01 -1.3530233248897072E-15
    2    5    1     3.7018842254495554E-01  7.0970518958185513E-16
    2    5    2     3.7018842254495554E-01  7.0970518958185513E-16
    2    6    1     3.9625138318142800E-01  2.4150603392114611E-17
    2    6    2     3.9625138318142800E-01  2.4150603392114611E-17
    2    7    1     4.7341173733369640E-01  1.8011308590415442E-16
    2    7    2     4.7341173733369640E-01  1.8011308590415442E-16
    2    8    1     4.1054969159283633E-01 -7.3333275012904021E-16
    2    8    2     4.1054969159283633E-01 -7.3333275012904021E-16
    3    1    1     4.1396280751158943E-01 -1.3143918462313331E-16
    3    1    2     4.1396280751158943E-01 -1.3143918462313331E-16
    3    2    1     3.8249298624395112E-01 -1.9231036034461635E-16
    3    2    2     3.8249298624395112E-01 -1.9231036034461635E-16
    3    3    1     4.0857796438710775E-01 -1.8372973052821247E-18
    3    3    2     4.0857796438710775E-01 -1.8372973052821247E-18
    3    4    1     5.5668985355841927E-01  9.7835270023187079E-17
    3    4    2     5.5668985355841927E-01  9.7835270023187079E-17
    3    5    1     3.8695330102744624E-01 -3.0083391561273182E-16
    3    5    2     3.8695330102744624E-01 -3.0083391561273182E-16
    3    6    1     3.9463979176983288E-01 -6.6755005386290311E-16
    3    6    2     3.9463979176983288E-01 -6.6755005386290311E-16
    3    7    1     3.8249282272890672E-01 -1.2747507042998318E-16
    3    7    2     3.8249282272890672E-01 -1.2747507042998318E-16
    3    8    1     4.1396313133514007E-01 -7.6842828974910127E-17
    3    8    2     4.1396313133514007E-01 -7.6842828974910127E-17
    4    1    1     5.5669007371383605E-01 -2.8563856805546330E-16
    4    1    2     5.5669007371383605E-01 -2.8563856805546330E-16
    4    2    1     4.1396487743361521E-01  1.0673885684825066E-15
    4    2    2     4.1396487743361521E-01  1.0673885684825066E-15
    4    3    1     5.5668985355841927E-01  1.6408171682794591E-16
    4    3    2     5.5668985355841927E-01  1.6408171682794591E-16
    4    4    1     4.0857865939916116E-01  7.4038804011385299E-18
    4    4    2     4.0857865939916116E-01  7.4038804011385299E-18
    4    5    1     4.1396458215690479E-01 -4.8538376009460427E-17
    4    5    2     4.1396458215690479E-01 -4.8538376009460427E-17
    4    6    1     4.8847761238148102E-01  2.0226469154074889E-16
    4    6    2     4.8847761238148102E-01  2.0226469154074889E-16
    4    7    1     3.9464314917136173E-01  3.5155255442842481E-17
    4    7    2     3.9464314917136173E-01  3.5155255442842481E-17
    4    8    1     4.4394437404200382E-01  2.0347764272121704E-16
    4    8    2     4.4394437404200382E-01  2.0347764272121704E-16
    5    1    1     3.9625082232238018E-01  2.7746766472977469E-16
    5    1    2     3.9625082232238018E-01  2.7746766472977469E-16
    5    2    1     3.7018842254495565E-01 -5.8251472222214939E-16
    5    2    2     3.7018842254495565E-01 -5.8251472222214939E-16
    5    3    1     3.8695330102744629E-01  3.2683952115933335E-16
    5    3    2     3.8695330102744629E-01  3.2683952115933335E-16
    5    4    1     4.1396458215690485E-01  4.5468728608610842E-18
    5    4    2     4.1396458215690485E-01  4.5468728608610842E-18
    5    5    1     4.0857801597088672E-01 -4.3140421921118307E-18
    5    5    2     4.0857801597088672E-01 -4.3140421921118307E-18
    5    6    1     3.9625097557883188E-01  1.1874173722731772E-16
    5    6    2     3.9625097557883188E-01  1.1874173722731772E-16
    5    7    1     3.7018824869090988E-01 -6.2228461316163330E-16
    5    7    2     3.7018824869090988E-01 -6.2228461316163330E-16
    5    8    1     3.9625100431088400E-01  8.9351811539961634E-17
    5    8    2     3.9625100431088400E-01  8.9351811539961634E-17
    6    1    1     4.1396316874127015E-01  7.1779604829402821E-16
    6    1    2     4.1396316874127015E-01  7.1779604829402821E-16
    6    2    1     3.9625138318142794E-01 -2.9536377683936355E-16
    6    2    2     3.9625138318142794E-01 -2.9536377683936355E-16
    6    3    1     3.9463979176983299E-01  5.1444037831721579E-16
    6    3    2     3.9463979176983299E-01  5.1444037831721579E-16
    6    4    1     4.8847761238148107E-01  1.0162362487978194E-16
    6    4    2     4.8847761238148107E-01  1.0162362487978194E-16
    6    5    1     3.9625097557883188E-01 -3.4085961050228653E-16
    6    5    2     3.9625097557883188E-01 -3.4085961050228653E-16
    6    6    1     4.0857861032807596E-01  1.7353357231259212E-18
    6    6    2     4.0857861032807596E-01  1.7353357231259212E-18
    6    7    1     3.9625117501334256E-01 -2.3699177182875432E-16
    6    7    2     3.9625117501334256E-01 -2.3699177182875432E-16
    6    8    1     4.1396336272778295E-01  6.8170566847741698E-16
    6    8    2     4.1396336272778295E-01  6.8170566847741698E-16
    7    1    1     4.1054929756331993E-01 -7.3620715643554768E-16
    7    1    2     4.1054929756331993E-01 -7.3620715643554768E-16
    7    2    1     4.7341173733369646E-01  3.9288776225443467E-17
    7    2    2     4.7341173733369646E-01  3.9288776225443467E-17
    7    3    1     3.8249282272890672E-01 -4.7488055154865094E-17
    7    3    2     3.8249282272890672E-01 -4.7488055154865094E-17
    7    4    1     3.9464314917136173E-01 -1.9090767378396323E-16
    7    4    2     3.9464314917136173E-01 -1.9090767378396323E-16
    7    5    1     3.7018824869090966E-01  6.5945919515073004E-16
    7    5    2     3.7018824869090966E-01  6.5945919515073004E-16
    7    6    1     3.9625117501334245E-01 -6.5530703964328946E-18
    7    6    2     3.9625117501334245E-01 -6.5530703964328946E-18
    7    7    1     4.1262062333109950E-01  6.2292610788119224E-18
    7    7    2     4.1262062333109950E-01  6.2292610788119224E-18
    7    8    1     3.8249303379396565E-01 -7.5640719816166824E-16
    7    8    2     3.8249303379396565E-01 -7.5640719816166824E-16
    8    1    1     4.7342726358810339E-01 -9.5816366993406454E-18
    8    1    2     4.7342726358810339E-01 -9.5816366993406454E-18
    8    2    1     4.1054969159283644E-01  6.3073419032696858E-16
    8    2    2     4.1054969159283644E-01  6.3073419032696858E-16
    8    3    1     4.1396313133514012E-01 -7.0215643195592481E-17
    8    3    2     4.1396313133514012E-01 -7.0215643195592481E-17
    8    4    1     4.4394437404200388E-01 -1.5745326049920738E-16
    8    4    2     4.4394437404200388E-01 -1.5745326049920738E-16
    8    5    1     3.9625100431088411E-01 -2.2554115693129706E-16
    8    5    2     3.9625100431088411E-01 -2.2554115693129706E-16
    8    6    1     4.1396336272778289E-01 -7.0014896387093212E-16
    8    6    2     4.1396336272778289E-01 -7.0014896387093212E-16
    8    7    1     3.8249303379396571E-01  6.8764167537177512E-16
    8    7    2     3.8249303379396571E-01  6.8764167537177512E-16
    8    8    1     4.1261457796662515E-01 -4.0136704695532526E-18
    8    8    2     4.1261457796662515E-01 -4.0136704695532526E-18
     -1      0     -1
    1    1    1     4.1261435417340581E-01  9.0135999488362716E-18
    1    1    2     4.1261435417340581E-01  9.0135999488362716E-18
    1    2    1     3.9625106173796870E-01 -3.2078831778414862E-16
    1    2    2     3.9625106173796870E-01 -3.2078831778414862E-16
    1    3    1     4.1396279810098013E-01 -1.5878140816050212E-16
    1    3    2     4.1396279810098013E-01 -1.5878140816050212E-16
    1    4    1     4.4395869279639616E-01 -5.2168759221392358E-17
    1    4    2     4.4395869279639616E-01 -5.2168759221392358E-17
    1    5    1     4.4394391638361075E-01  7.8029352727423951E-16
    1    5    2     4.4394391638361075E-01  7.8029352727423951E-16
    1    6    1     4.7342718281454549E-01  1.6744147301323009E-16
    1    6    2     4.7342718281454549E-01  1.6744147301323009E-16
    1    7    1     4.1054934244084718E-01  5.2372047128733390E-16
    1    7    2     4.1054934244084718E-01  5.2372047128733390E-16
    1    8    1     4.1396314611465368E-01 -6.0712611153757035E-16
    1    8    2     4.1396314611465368E-01 -6.0712611153757035E-16
    2    1    1     3.9625106173796865E-01  4.0481398615177522E-17
    2    1    2     3.9625106173796865E-01  4.0481398615177522E-17
    2    2    1     4.0857865096506957E-01 -4.8537169277746874E-18
    2    2    2     4.0857865096506957E-01 -4.8537169277746874E-18
    2    3    1     3.9625094698446028E-01 -5.9322121867544375E-16
    2    3    2     3.9625094698446028E-01 -5.9322121867544375E-16
    2    4    1     4.1396485545917894E-01  1.0978614257929273E-15
    2    4    2     4.1396485545917894E-01  1.0978614257929273E-15
    2    5    1     4.1396448899303140E-01 -6.8887495534297738E-17
    2    5    2     4.1396448899303140E-01 -6.8887495534297738E-17
    2    6    1     3.9625124090202951E-01 -2.4429785451529629E-16
    2    6    2     3.9625124090202951E-01 -2.4429785451529629E-16
    2    7    1     4.1396469937692587E-01 -5.4841656389748028E-16
    2    7    2     4.1396469937692587E-01 -5.4841656389748028E-16
    2    8    1     3.8695375434573803E-01  2.9768930579605023E-16
    2    8    2     3.8695375434573803E-01  2.9768930579605023E-16
    3    1    1     4.1396279810098013E-01 -3.8143587680755653E-17
    3    1    2     4.1396279810098013E-01 -3.8143587680755653E-17
    3    2    1     3.9625094698446023E-01  2.5442159230087968E-16
    3    2    2     3.9625094698446023E-01  2.5442159230087968E-16
    3    3    1     4.0857794146771692E-01  8.9565998093742989E-18
    3    3    2     4.0857794146771692E-01  8.9565998093742989E-18
    3    4    1     4.4395888631534619E-01  8.2522650754371200E-16
    3    4    2     4.4395888631534619E-01  8.2522650754371200E-16
    3    5    1     4.8847650178850127E-01  4.9694088938517875E-16
    3    5    2     4.8847650178850127E-01  4.9694088938517875E-16
    3    6    1     4.1396317614292133E-01 -8.7393471365909692E-17
    3    6    2     4.1396317614292133E-01 -8.7393471365909692E-17
    3    7    1     3.8249285054873178E-01 -1.6618786425129373E-16
    3    7    2     3.8249285054873178E-01 -1.6618786425129373E-16
    3    8    1     3.9463978729355531E-01 -7.2542612108289495E-16
    3    8    2     3.9463978729355531E-01 -7.2542612108289495E-16
    4    1    1     4.4395869279639616E-01  9.6552862141044069E-17
    4    1    2     4.4395869279639616E-01  9.6552862141044069E-17
    4    2    1     4.1396485545917905E-01 -1.3311139706760275E-15
    4    2    2     4.1396485545917905E-01 -1.3311139706760275E-15
    4    3    1     4.4395888631534619E-01 -7.8031258551555273E-16
    4    3    2     4.4395888631534619E-01 -7.8031258551555273E-16
    4    4    1     4.1262119643556733E-01 -3.1571962785908564E-18
    4    4    2     4.1262119643556733E-01 -3.1571962785908564E-18
    4    5    1     6.9718263743735276E-01  1.2405780070758043E-15
    4    5    2     6.9718263743735276E-01  1.2405780070758043E-15
    4    6    1     4.1626035262010330E-01 -4.9970200503499096E-16
    4    6    2     4.1626035262010330E-01 -4.9970200503499096E-16
    4    7    1     4.1396462706449688E-01 -1.1941606015662687E-15
    4    7    2     4.1396462706449688E-01 -1.1941606015662687E-15
    4    8    1     4.4395915815510245E-01  1.0817627175974120E-16
    4    8    2     4.4395915815510245E-01  1.0817627175974120E-16
    5    1    1     4.4394391638361075E-01 -6.8526320685588504E-16
    5    1    2     4.4394391638361075E-01 -6.8526320685588504E-16
    5    2    1     4.1396448899303151E-01 -9.8255821881498839E-17
    5    2    2     4.1396448899303151E-01 -9.8255821881498839E-17
    5    3    1     4.8847650178850133E-01 -2.9506752706606135E-16
    5    3    2     4.8847650178850133E-01 -2.9506752706606135E-16
    5    4    1     6.9718263743735298E-01 -7.5135888179603261E-16
    5    4    2     6.9718263743735298E-01 -7.5135888179603261E-16
    5    5    1     4.0857798888392205E-01  5.2545725619077840E-18
    5    5    2     4.0857798888392205E-01  5.2545725619077840E-18
    5    6    1     5.5668974974284602E-01  9.6840853343110531E-17
    5    6    2     5.5668974974284602E-01  9.6840853343110531E-17
    5    7    1     4.7341129371830026E-01  1.1097825674925843E-15
    5    7    2     4.7341129371830026E-01  1.1097825674925843E-15
    5    8    1     5.5668970915847427E-01  2.0159384144652348E-16
    5    8    2     5.5668970915847427E-01  2.0159384144652348E-16
    6    1    1     4.7342718281454549E-01  6.3087013911500289E-18
    6    1    2     4.7342718281454549E-01  6.3087013911500289E-18
    6    2    1     3.9625124090202957E-01 -1.4205758964991322E-16
    6    2    2     3.9625124090202957E-01 -1.4205758964991322E-16
    6    3    1     4.1396317614292144E-01 -7.5040342863152976E-17
    6    3    2     4.1396317614292144E-01 -7.5040342863152976E-17
    6    4    1     4.1626035262010330E-01  5.8100361544424772E-16
    6    4    2     4.1626035262010330E-01  5.8100361544424772E-16
    6    5    1     5.5668974974284624E-01  1.1030401852324401E-16
    6    5    2     5.5668974974284624E-01  1.1030401852324401E-16
    6    6    1     4.1261474984960966E-01  9.5386047238208403E-18
    6    6    2     4.1261474984960966E-01  9.5386047238208403E-18
    6    7    1     3.8249308621325490E-01  6.7528134708896674E-16
    6    7    2     3.8249308621325490E-01  6.7528134708896674E-16
    6    8    1     4.1396338167958474E-01 -6.8185644034202825E-16
    6    8    2     4.1396338167958474E-01 -6.8185644034202825E-16
    7    1    1     4.1054934244084718E-01 -6.1548802079286480E-16
    7    1    2     4.1054934244084718E-01 -6.1548802079286480E-16
    7    2    1     4.1396469937692593E-01  5.6927390319067017E-16
    7    2    2     4.1396469937692593E-01  5.6927390319067017E-16
    7    3    1     3.8249285054873183E-01 -5.9902170029824120E-17
    7    3    2     3.8249285054873183E-01 -5.9902170029824120E-17
    7    4    1     4.1396462706449688E-01  8.9203411367602681E-16
    7    4    2     4.1396462706449688E-01  8.9203411367602681E-16
    7    5    1     4.7341129371829999E-01 -1.2127953264058633E-15
    7    5    2     4.7341129371829999E-01 -1.2127953264058633E-15
    7    6    1     3.8249308621325490E-01 -6.8986301927594952E-16
    7    6    2     3.8249308621325490E-01 -6.8986301927594952E-16
    7    7    1     4.1262082252803312E-01  1.7616969566760383E-18
    7    7    2     4.1262082252803312E-01  1.7616969566760383E-18
    7    8    1     3.9625124731700695E-01  6.9456701674852628E-17
    7    8    2     3.9625124731700695E-01  6.9456701674852628E-17
    8    1    1     4.1396314611465368E-01  6.6107872214588026E-16
    8    1    2     4.1396314611465368E-01  6.6107872214588026E-16
    8    2    1     3.8695375434573803E-01 -4.7661569854110138E-16
    8    2    2     3.8695375434573803E-01 -4.7661569854110138E-16
    8    3    1     3.9463978729355537E-01  6.2025851035180102E-16
    8    3    2     3.9463978729355537E-01  6.2025851035180102E-16
    8    4    1     4.4395915815510251E-01 -2.5072175238727290E-17
    8    4    2     4.4395915815510251E-01 -2.5072175238727290E-17
    8    5    1     5.5668970915847427E-01 -6.5729756706933706E-18
    8    5    2     5.5668970915847427E-01 -6.5729756706933706E-18
    8    6    1     4.1396338167958469E-01  7.3434537801748273E-16
    8    6    2     4.1396338167958469E-01  7.3434537801748273E-16
    8    7    1     3.9625124731700700E-01 -2.9090499540501691E-16
    8    7    2     3.9625124731700700E-01 -2.9090499540501691E-16
    8    8    1     4.0857859856031781E-01 -7.0305731131184317E-18
    8    8    2     4.0857859856031781E-01 -7.0305731131184317E-18
     -1      0      0
    1    1    1     4.1261429873034622E-01 -3.1310243463770109E-16
    1    1    2     4.1261429873034622E-01 -3.1310243463770109E-16
    1    2    1     4.4394421656287836E-01 -1.1996697038552107E-16
    1    2    2     4.4394421656287836E-01 -1.1996697038552107E-16
    1    3    1     4.7342681885954851E-01  9.5249871358282778E-16
    1    3    2     4.7342681885954851E-01  9.5249871358282778E-16
    1    4    1     5.5668988915765583E-01 -4.5065202112538894E-16
    1    4    2     5.5668988915765583E-01 -4.5065202112538894E-16
    1    5    1     3.8249284971867803E-01 -1.3385153445691356E-16
    1    5    2     3.8249284971867803E-01 -1.3385153445691356E-16
    1    6    1     4.1396317508522545E-01  7.4896686075298646E-16
    1    6    2     4.1396317508522545E-01  7.4896686075298646E-16
    1    7    1     4.1625984450793785E-01  3.0673604118919978E-16
    1    7    2     4.1625984450793785E-01  3.0673604118919978E-16
    1    8    1     4.1396317989479015E-01  7.2516862306692964E-16
    1    8    2     4.1396317989479015E-01  7.2516862306692964E-16
    2    1    1     4.4394421656287830E-01  4.8152128985512466E-17
    2    1    2     4.4394421656287830E-01  4.8152128985512466E-17
    2    2    1     4.0857855144630123E-01 -3.1083994884013850E-16
    2    2    2     4.0857855144630123E-01 -3.1083994884013850E-16
    2    3    1     5.5668970835757137E-01  1.1286544615574101E-16
    2    3    2     5.5668970835757137E-01  1.1286544615574101E-16
    2    4    1     6.9718247143136436E-01  2.5303245826738263E-16
    2    4    2     6.9718247143136436E-01  2.5303245826738263E-16
    2    5    1     3.9464308360096217E-01 -7.4911593855170322E-16
    2    5    2     3.9464308360096217E-01 -7.4911593855170322E-16
    2    6    1     5.5669047390577653E-01 -6.2550333836119965E-16
    2    6    2     5.5669047390577653E-01 -6.2550333836119965E-16
    2    7    1     4.1396471940943413E-01  8.1995499799647487E-16
    2    7    2     4.1396471940943413E-01  8.1995499799647487E-16
    2    8    1     4.8847777741008819E-01  3.4897333910403547E-16
    2    8    2     4.8847777741008819E-01  3.4897333910403547E-16
    3    1    1     4.7342681885954851E-01 -1.3108343078528650E-15
    3    1    2     4.7342681885954851E-01 -1.3108343078528650E-15
    3    2    1     5.5668970835757126E-01 -2.0328790734103208E-19
    3    2    2     5.5668970835757126E-01 -2.0328790734103208E-19
    3    3    1     4.1261406697285197E-01 -3.0701903822650755E-16
    3    3    2     4.1261406697285197E-01 -3.0701903822650755E-16
    3    4    1     4.4394413616929357E-01 -6.7639519541460615E-16
    3    4    2     4.4394413616929357E-01 -6.7639519541460615E-16
    3    5    1     4.1054906469872959E-01 -1.3302377150920929E-16
    3    5    2     4.1054906469872959E-01 -1.3302377150920929E-16
    3    6    1     4.1396290843389949E-01 -1.4089207231449130E-16
    3    6    2     4.1396290843389949E-01 -1.4089207231449130E-16
    3    7    1     4.4395873157899796E-01  7.7634296560824545E-16
    3    7    2     4.4395873157899796E-01  7.7634296560824545E-16
    3    8    1     4.1396294693498675E-01 -1.3610803022839901E-16
    3    8    2     4.1396294693498675E-01 -1.3610803022839901E-16
    4    1    1     5.5668988915765583E-01  6.0031723719106665E-16
    4    1    2     5.5668988915765583E-01  6.0031723719106665E-16
    4    2    1     6.9718247143136436E-01  5.6498791647756341E-17
    4    2    2     6.9718247143136436E-01  5.6498791647756341E-17
    4    3    1     4.4394413616929357E-01  5.7153971632457543E-16
    4    3    2     4.4394413616929357E-01  5.7153971632457543E-16
    4    4    1     4.0857854245443587E-01 -3.1585791365268301E-16
    4    4    2     4.0857854245443587E-01 -3.1585791365268301E-16
    4    5    1     4.7341152149928795E-01 -9.7904811428156657E-16
    4    5    2     4.7341152149928795E-01 -9.7904811428156657E-16
    4    6    1     4.8847774984627490E-01  6.1892358642692824E-16
    4    6    2     4.8847774984627490E-01  6.1892358642692824E-16
    4    7    1     6.9718263238801437E-01  2.0370125941929218E-16
    4    7    2     6.9718263238801437E-01  2.0370125941929218E-16
    4    8    1     5.5669012064427059E-01  6.7263902781000695E-16
    4    8    2     5.5669012064427059E-01  6.7263902781000695E-16
    5    1    1     3.8249284971867803E-01 -3.1170812458958252E-17
    5    1    2     3.8249284971867803E-01 -3.1170812458958252E-17
    5    2    1     3.9464308360096229E-01  5.3180116560413992E-16
    5    2    2     3.9464308360096229E-01  5.3180116560413992E-16
    5    3    1     4.1054906469872976E-01  7.1066699549346239E-17
    5    3    2     4.1054906469872976E-01  7.1066699549346239E-17
    5    4    1     4.7341152149928806E-01  1.0346744619936510E-15
    5    4    2     4.7341152149928806E-01  1.0346744619936510E-15
    5    5    1     4.1262053040435198E-01 -2.9746532745666578E-16
    5    5    2     4.1262053040435198E-01 -2.9746532745666578E-16
    5    6    1     3.8249298028877871E-01  3.7395234071856479E-17
    5    6    2     3.8249298028877871E-01  3.7395234071856479E-17
    5    7    1     4.1396434940245214E-01 -1.6803100794451908E-16
    5    7    2     4.1396434940245214E-01 -1.6803100794451908E-16
    5    8    1     3.9625112729188933E-01 -4.8167036765384141E-16
    5    8    2     3.9625112729188933E-01 -4.8167036765384141E-16
    6    1    1     4.1396317508522557E-01 -1.1023693351382147E-15
    6    1    2     4.1396317508522557E-01 -1.1023693351382147E-15
    6    2    1     5.5669047390577653E-01  3.3984317096558136E-16
    6    2    2     5.5669047390577653E-01  3.3984317096558136E-16
    6    3    1     4.1396290843389949E-01 -5.8038697545864659E-17
    6    3    2     4.1396290843389949E-01 -5.8038697545864659E-17
    6    4    1     4.8847774984627490E-01 -5.7843541154817268E-16
    6    4    2     4.8847774984627490E-01 -5.7843541154817268E-16
    6    5    1     3.8249298028877876E-01 -1.1267867539087144E-16
    6    5    2     3.8249298028877876E-01 -1.1267867539087144E-16
    6    6    1     4.0857849617363307E-01 -3.1597141580357181E-16
    6    6    2     4.0857849617363307E-01 -3.1597141580357181E-16
    6    7    1     4.4395904588622381E-01 -1.3827516402394914E-16
    6    7    2     4.4395904588622381E-01 -1.3827516402394914E-16
    6    8    1     3.9464004338837871E-01 -2.5997135217128986E-16
    6    8    2     3.9464004338837871E-01 -2.5997135217128986E-16
    7    1    1     4.1625984450793785E-01 -4.4029280818046884E-16
    7    1    2     4.1625984450793785E-01 -4.4029280818046884E-16
    7    2    1     4.1396471940943425E-01 -9.8642068905446800E-16
    7    2    2     4.1396471940943425E-01 -9.8642068905446800E-16
    7    3    1     4.4395873157899801E-01 -8.0737147653206498E-16
    7    3    2     4.4395873157899801E-01 -8.0737147653206498E-16
    7    4    1     6.9718263238801437E-01  2.1696918350508354E-16
    7    4    2     6.9718263238801437E-01  2.1696918350508354E-16
    7    5    1     4.1396434940245203E-01  2.8236690329669356E-17
    7    5    2     4.1396434940245203E-01  2.8236690329669356E-17
    7    6    1     4.4395904588622370E-01 -3.1896296178281561E-17
    7    6    2     4.4395904588622370E-01 -3.1896296178281561E-17
    7    7    1     4.1262074588090536E-01 -3.1305565934506139E-16
    7    7    2     4.1262074588090536E-01 -3.1305565934506139E-16
    7    8    1     4.4395902284995464E-01  3.1875543871073830E-17
    7    8    2     4.4395902284995464E-01  3.1875543871073830E-17
    8    1    1     4.1396317989479015E-01 -1.0096497205999699E-15
    8    1    2     4.1396317989479015E-01 -1.0096497205999699E-15
    8    2    1     4.8847777741008819E-01 -4.2668903553109115E-16
    8    2    2     4.8847777741008819E-01 -4.2668903553109115E-16
    8    3    1     4.1396294693498675E-01 -1.9996753818779522E-16
    8    3    2     4.1396294693498675E-01 -1.9996753818779522E-16
    8    4    1     5.5669012064427059E-01 -6.7394007041698956E-16
    8    4    2     5.5669012064427059E-01 -6.7394007041698956E-16
    8    5    1     3.9625112729188938E-01  2.3222255281923898E-16
    8    5    2     3.9625112729188938E-01  2.3222255281923898E-16
    8    6    1     3.9464004338837877E-01 -2.8316311426711260E-17
    8    6    2     3.9464004338837877E-01 -2.8316311426711260E-17
    8    7    1     4.4395902284995470E-01 -1.3686697174913887E-16
    8    7    2     4.4395902284995470E-01 -1.3686697174913887E-16
    8    8    1     4.0857850558562403E-01 -3.2018641281842345E-16
    8    8    2     4.0857850558562403E-01 -3.2018641281842345E-16
      0     -1     -1
    1    1    1     4.0857811333943617E-01  4.2241103813234765E-19
    1    1    2     4.0857811333943617E-01  4.2241103813234765E-19
    1    2    1     3.9625123640111631E-01 -2.1827700237564418E-16
    1    2    2     3.9625123640111631E-01 -2.1827700237564418E-16
    1    3    1     3.9463960367475059E-01  5.7414603670327691E-16
    1    3    2     3.9463960367475059E-01  5.7414603670327691E-16
    1    4    1     3.8249306889287776E-01 -1.4680436228632632E-16
    1    4    2     3.8249306889287776E-01 -1.4680436228632632E-16
    1    5    1     5.5668956733427544E-01  8.5130199330846201E-17
    1    5    2     5.5668956733427544E-01  8.5130199330846201E-17
    1    6    1     4.1396310461550517E-01  5.1106579905535465E-16
    1    6    2     4.1396310461550517E-01  5.1106579905535465E-16
    1    7    1     3.8695341970743657E-01 -3.3109840281812797E-16
    1    7    2     3.8695341970743657E-01 -3.3109840281812797E-16
    1    8    1     4.1396312074055480E-01  6.7515979786103575E-16
    1    8    2     4.1396312074055480E-01  6.7515979786103575E-16
    2    1    1     3.9625123640111626E-01 -8.5245395811672786E-18
    2    1    2     3.9625123640111626E-01 -8.5245395811672786E-18
    2    2    1     4.1262105531698640E-01  2.1434842059235014E-18
    2    2    2     4.1262105531698640E-01  2.1434842059235014E-18
    2    3    1     3.8249296046731823E-01 -1.0402919844998415E-16
    2    3    2     3.8249296046731823E-01 -1.0402919844998415E-16
    2    4    1     3.7018869647089980E-01  3.4619930620177763E-17
    2    4    2     3.7018869647089980E-01  3.4619930620177763E-17
    2    5    1     4.7341156353110114E-01 -1.0792283950192272E-15
    2    5    2     4.7341156353110114E-01 -1.0792283950192272E-15
    2    6    1     3.8249328391370402E-01 -5.6186067083630054E-16
    2    6    2     3.8249328391370402E-01 -5.6186067083630054E-16
    2    7    1     4.1396466153754458E-01  6.0159668045789427E-16
    2    7    2     4.1396466153754458E-01  6.0159668045789427E-16
    2    8    1     4.1054964540801547E-01 -4.1094523414047547E-16
    2    8    2     4.1054964540801547E-01 -4.1094523414047547E-16
    3    1    1     3.9463960367475059E-01 -7.5161637981199791E-16
    3    1    2     3.9463960367475059E-01 -7.5161637981199791E-16
    3    2    1     3.8249296046731818E-01 -1.5707378973883745E-16
    3    2    2     3.8249296046731818E-01 -1.5707378973883745E-16
    3    3    1     4.0857795801600888E-01 -3.2106928523707365E-19
    3    3    2     4.0857795801600888E-01 -3.2106928523707365E-19
    3    4    1     3.9625115123239529E-01 -2.8006339719663549E-16
    3    4    2     3.9625115123239529E-01 -2.8006339719663549E-16
    3    5    1     4.8847711157255164E-01  6.9086400046136729E-16
    3    5    2     4.8847711157255164E-01  6.9086400046136729E-16
    3    6    1     4.1396304556958563E-01 -9.8669173959758938E-17
    3    6    2     4.1396304556958563E-01 -9.8669173959758938E-17
    3    7    1     3.9625080303719229E-01  3.2656847061621197E-16
    3    7    2     3.9625080303719229E-01  3.2656847061621197E-16
    3    8    1     4.1396301568350802E-01 -1.5252014061439834E-16
    3    8    2     4.1396301568350802E-01 -1.5252014061439834E-16
    4    1    1     3.8249306889287776E-01  9.1772208186740797E-17
    4    1    2     3.8249306889287776E-01  9.1772208186740797E-17
    4    2    1     3.7018869647089980E-01 -1.5283354280488243E-16
    4    2    2     3.7018869647089980E-01 -1.5283354280488243E-16
    4    3    1     3.9625115123239529E-01  3.2757940443875998E-16
    4    3    2     3.9625115123239529E-01  3.2757940443875998E-16
    4    4    1     4.1262110408832392E-01  1.4089319237578949E-17
    4    4    2     4.1262110408832392E-01  1.4089319237578949E-17
    4    5    1     3.9464308832162454E-01 -6.1752767612985315E-16
    4    5    2     3.9464308832162454E-01 -6.1752767612985315E-16
    4    6    1     4.1054968724015561E-01 -2.2544628924120458E-17
    4    6    2     4.1054968724015561E-01 -2.2544628924120458E-17
    4    7    1     3.7018853190844819E-01 -1.5994692549592404E-16
    4    7    2     3.7018853190844819E-01 -1.5994692549592404E-16
    4    8    1     3.8249326787481636E-01  8.9853255044736180E-17
    4    8    2     3.8249326787481636E-01  8.9853255044736180E-17
    5    1    1     5.5668956733427544E-01  2.0857339293189892E-16
    5    1    2     5.5668956733427544E-01  2.0857339293189892E-16
    5    2    1     4.7341156353110114E-01  8.8115821063328159E-16
    5    2    2     4.7341156353110114E-01  8.8115821063328159E-16
    5    3    1     4.8847711157255175E-01 -5.6999070482228412E-16
    5    3    2     4.8847711157255175E-01 -5.6999070482228412E-16
    5    4    1     3.9464308832162465E-01  6.3506464626980619E-16
    5    4    2     3.9464308832162465E-01  6.3506464626980619E-16
    5    5    1     4.0857800881045792E-01  1.1738244251303149E-18
    5    5    2     4.0857800881045792E-01  1.1738244251303149E-18
    5    6    1     5.5668984849072167E-01  3.9266541610578042E-16
    5    6    2     5.5668984849072167E-01  3.9266541610578042E-16
    5    7    1     4.1396432040774306E-01 -3.2476598450445482E-16
    5    7    2     4.1396432040774306E-01 -3.2476598450445482E-16
    5    8    1     4.4394392586856835E-01 -6.2432426849862166E-16
    5    8    2     4.4394392586856835E-01 -6.2432426849862166E-16
    6    1    1     4.1396310461550517E-01 -6.1707366647012485E-16
    6    1    2     4.1396310461550517E-01 -6.1707366647012485E-16
    6    2    1     3.8249328391370396E-01  7.6845539480341341E-16
    6    2    2     3.8249328391370396E-01  7.6845539480341341E-16
    6    3    1     4.1396304556958574E-01  2.2754693095039524E-17
    6    3    2     4.1396304556958574E-01  2.2754693095039524E-17
    6    4    1     4.1054968724015561E-01 -3.7750564393229658E-17
    6    4    2     4.1054968724015561E-01 -3.7750564393229658E-17
    6    5    1     5.5668984849072167E-01  9.7673063213787881E-17
    6    5    2     5.5668984849072167E-01  9.7673063213787881E-17
    6    6    1     4.1261464711963602E-01 -1.0130202226188048E-18
    6    6    2     4.1261464711963602E-01 -1.0130202226188048E-18
    6    7    1     3.9625108009872761E-01 -1.0591172917525683E-16
    6    7    2     3.9625108009872761E-01 -1.0591172917525683E-16
    6    8    1     4.7342737272645230E-01 -3.6246233878906020E-17
    6    8    2     4.7342737272645230E-01 -3.6246233878906020E-17
    7    1    1     3.8695341970743657E-01  2.8965138664308054E-16
    7    1    2     3.8695341970743657E-01  2.8965138664308054E-16
    7    2    1     4.1396466153754463E-01 -5.8561825094088915E-16
    7    2    2     4.1396466153754463E-01 -5.8561825094088915E-16
    7    3    1     3.9625080303719229E-01 -6.1992647343647733E-16
    7    3    2     3.9625080303719229E-01 -6.1992647343647733E-16
    7    4    1     3.7018853190844825E-01 -7.7229075998858088E-17
    7    4    2     3.7018853190844825E-01 -7.7229075998858088E-17
    7    5    1     4.1396432040774278E-01 -8.5408026137545612E-17
    7    5    2     4.1396432040774278E-01 -8.5408026137545612E-17
    7    6    1     3.9625108009872761E-01 -3.9946497308986431E-17
    7    6    2     3.9625108009872761E-01 -3.9946497308986431E-17
    7    7    1     4.0857816662154567E-01  1.6011089980822904E-17
    7    7    2     4.0857816662154567E-01  1.6011089980822904E-17
    7    8    1     3.9625105922102671E-01  2.4218366027894955E-17
    7    8    2     3.9625105922102671E-01  2.4218366027894955E-17
    8    1    1     4.1396312074055486E-01 -6.3703653897101420E-16
    8    1    2     4.1396312074055486E-01 -6.3703653897101420E-16
    8    2    1     4.1054964540801547E-01  3.9437811672512861E-16
    8    2    2     4.1054964540801547E-01  3.9437811672512861E-16
    8    3    1     4.1396301568350807E-01  5.9997037719916602E-17
    8    3    2     4.1396301568350807E-01  5.9997037719916602E-17
    8    4    1     3.8249326787481641E-01 -6.5946597141430807E-17
    8    4    2     3.8249326787481641E-01 -6.5946597141430807E-17
    8    5    1     4.4394392586856846E-01  7.6710014208780652E-16
    8    5    2     4.4394392586856846E-01  7.6710014208780652E-16
    8    6    1     4.7342737272645230E-01  1.7474120295266765E-16
    8    6    2     4.7342737272645230E-01  1.7474120295266765E-16
    8    7    1     3.9625105922102666E-01 -2.4027275394994385E-16
    8    7    2     3.9625105922102666E-01 -2.4027275394994385E-16
    8    8    1     4.1261459641839504E-01  2.1064014302311307E-18
    8    8    2     4.1261459641839504E-01  2.1064014302311307E-18
      0     -1      0
    1    1    1     4.0857816828986043E-01 -3.1224748033011320E-16
    1    1    2     4.0857816828986043E-01 -3.1224748033011320E-16
    1    2    1     4.4395896556792441E-01 -2.1976778036281175E-16
    1    2    2     4.4395896556792441E-01 -2.1976778036281175E-16
    1    3    1     4.1396277020595890E-01 -3.2999725998669738E-16
    1    3    2     4.1396277020595890E-01 -3.2999725998669738E-16
    1    4    1     3.9625099874107422E-01 -2.7058467500038624E-17
    1    4    2     3.9625099874107422E-01 -2.7058467500038624E-17
    1    5    1     3.9625098630069400E-01  3.6117484870923366E-16
    1    5    2     3.9625098630069400E-01  3.6117484870923366E-16
    1    6    1     3.9463985407398100E-01 -8.5245395811672786E-18
    1    6    2     3.9463985407398100E-01 -8.5245395811672786E-18
    1    7    1     4.8847736922209239E-01 -2.6274792617238946E-16
    1    7    2     4.8847736922209239E-01 -2.6274792617238946E-16
    1    8    1     4.1396314817593927E-01 -9.4504482364698994E-16
    1    8    2     4.1396314817593927E-01 -9.4504482364698994E-16
    2    1    1     4.4395896556792436E-01  1.1661949617797207E-16
    2    1    2     4.4395896556792436E-01  1.1661949617797207E-16
    2    2    1     4.1262110385830492E-01 -3.1575768986305143E-16
    2    2    2     4.1262110385830492E-01 -3.1575768986305143E-16
    2    3    1     4.4395873120126933E-01 -6.9601713715422564E-16
    2    3    2     4.4395873120126933E-01 -6.9601713715422564E-16
    2    4    1     4.1396490903860017E-01  7.4171795279038416E-16
    2    4    2     4.1396490903860017E-01  7.4171795279038416E-16
    2    5    1     4.1396456371858453E-01 -1.6318597948622449E-16
    2    5    2     4.1396456371858453E-01 -1.6318597948622449E-16
    2    6    1     4.4395918248244071E-01  6.0579796387627560E-17
    2    6    2     4.4395918248244071E-01  6.0579796387627560E-17
    2    7    1     4.1396467819855454E-01 -1.1072143635965093E-15
    2    7    2     4.1396467819855454E-01 -1.1072143635965093E-15
    2    8    1     4.1626051339310916E-01 -5.4419241058952308E-16
    2    8    2     4.1626051339310916E-01 -5.4419241058952308E-16
    3    1    1     4.1396277020595890E-01 -3.3982961843842530E-17
    3    1    2     4.1396277020595890E-01 -3.3982961843842530E-17
    3    2    1     4.4395873120126927E-01  7.3817904913675569E-16
    3    2    2     4.4395873120126927E-01  7.3817904913675569E-16
    3    3    1     4.1261413752303622E-01 -3.0284261043107593E-16
    3    3    2     4.1261413752303622E-01 -3.0284261043107593E-16
    3    4    1     3.9625101507855393E-01  2.9407416917716887E-16
    3    4    2     3.9625101507855393E-01  2.9407416917716887E-16
    3    5    1     4.1054915771704908E-01 -3.3341482617063167E-16
    3    5    2     4.1054915771704908E-01 -3.3341482617063167E-16
    3    6    1     4.1396303116869226E-01 -6.2937936112783532E-17
    3    6    2     4.1396303116869226E-01 -6.2937936112783532E-17
    3    7    1     5.5668952459721677E-01  4.5807541787512562E-18
    3    7    2     5.5668952459721677E-01  4.5807541787512562E-18
    3    8    1     4.7342708952298496E-01 -1.0922523736162093E-15
    3    8    2     4.7342708952298496E-01 -1.0922523736162093E-15
    4    1    1     3.9625099874107422E-01  1.6867729408327412E-16
    4    1    2     3.9625099874107422E-01  1.6867729408327412E-16
    4    2    1     4.1396490903860028E-01 -6.7284739791503151E-16
    4    2    2     4.1396490903860028E-01 -6.7284739791503151E-16
    4    3    1     3.9625101507855393E-01 -6.0384385886695993E-16
    4    3    2     3.9625101507855393E-01 -6.0384385886695993E-16
    4    4    1     4.0857857103262801E-01 -3.0474268265159349E-16
    4    4    2     4.0857857103262801E-01 -3.0474268265159349E-16
    4    5    1     3.7018842424200704E-01  6.3348577685612417E-16
    4    5    2     3.7018842424200704E-01  6.3348577685612417E-16
    4    6    1     3.8695379532598617E-01  3.3226053202176087E-16
    4    6    2     3.8695379532598617E-01  3.3226053202176087E-16
    4    7    1     4.1396470765698268E-01 -7.6677488143606087E-16
    4    7    2     4.1396470765698268E-01 -7.6677488143606087E-16
    4    8    1     3.9625120378258855E-01 -1.2956215961201778E-16
    4    8    2     3.9625120378258855E-01 -1.2956215961201778E-16
    5    1    1     3.9625098630069400E-01 -5.4630236966113355E-16
    5    1    2     3.9625098630069400E-01 -5.4630236966113355E-16
    5    2    1     4.1396456371858459E-01  1.2088854223213374E-17
    5    2    2     4.1396456371858459E-01  1.2088854223213374E-17
    5    3    1     4.1054915771704914E-01  2.1426608961215825E-16
    5    3    2     4.1054915771704914E-01  2.1426608961215825E-16
    5    4    1     3.7018842424200710E-01 -7.0530739451971081E-16
    5    4    2     3.7018842424200710E-01 -7.0530739451971081E-16
    5    5    1     4.1262060780314491E-01 -3.1520140793733726E-16
    5    5    2     4.1262060780314491E-01 -3.1520140793733726E-16
    5    6    1     3.8249300161539684E-01  1.2299299558958705E-16
    5    6    2     3.8249300161539684E-01  1.2299299558958705E-16
    5    7    1     3.9464290128630269E-01  6.0079030509210818E-16
    5    7    2     3.9464290128630269E-01  6.0079030509210818E-16
    5    8    1     3.8249296472213562E-01 -5.3112353924633648E-17
    5    8    2     3.8249296472213562E-01 -5.3112353924633648E-17
    6    1    1     3.9463985407398106E-01 -2.4516521625328469E-16
    6    1    2     3.9463985407398106E-01 -2.4516521625328469E-16
    6    2    1     4.4395918248244071E-01 -6.2287414809292230E-17
    6    2    2     4.4395918248244071E-01 -6.2287414809292230E-17
    6    3    1     4.1396303116869237E-01 -1.6559155305642670E-16
    6    3    2     4.1396303116869237E-01 -1.6559155305642670E-16
    6    4    1     3.8695379532598617E-01 -6.3860863212111818E-16
    6    4    2     3.8695379532598617E-01 -6.3860863212111818E-16
    6    5    1     3.8249300161539684E-01 -8.5627831187358103E-17
    6    5    2     3.8249300161539684E-01 -8.5627831187358103E-17
    6    6    1     4.0857852161037744E-01 -3.1193588768011661E-16
    6    6    2     4.0857852161037744E-01 -3.1193588768011661E-16
    6    7    1     5.5669007916745361E-01  4.4421372369330900E-16
    6    7    2     5.5669007916745361E-01  4.4421372369330900E-16
    6    8    1     4.1396334659876505E-01 -1.3125588669334748E-15
    6    8    2     4.1396334659876505E-01 -1.3125588669334748E-15
    7    1    1     4.8847736922209239E-01  2.8347990458938571E-16
    7    1    2     4.8847736922209239E-01  2.8347990458938571E-16
    7    2    1     4.1396467819855454E-01  6.9084007178060736E-16
    7    2    2     4.1396467819855454E-01  6.9084007178060736E-16
    7    3    1     5.5668952459721677E-01  1.1094776356315728E-16
    7    3    2     5.5668952459721677E-01  1.1094776356315728E-16
    7    4    1     4.1396470765698268E-01  6.3515951395989867E-16
    7    4    2     4.1396470765698268E-01  6.3515951395989867E-16
    7    5    1     3.9464290128630258E-01 -7.2335258442801642E-16
    7    5    2     3.9464290128630258E-01 -7.2335258442801642E-16
    7    6    1     5.5669007916745350E-01 -4.1799466584399939E-16
    7    6    2     5.5669007916745350E-01 -4.1799466584399939E-16
    7    7    1     4.0857821325185806E-01 -3.1325985536485035E-16
    7    7    2     4.0857821325185806E-01 -3.1325985536485035E-16
    7    8    1     4.4394415079813959E-01  1.2151195848131291E-16
    7    8    2     4.4394415079813959E-01  1.2151195848131291E-16
    8    1    1     4.1396314817593932E-01  7.0165498845115026E-16
    8    1    2     4.1396314817593932E-01  7.0165498845115026E-16
    8    2    1     4.1626051339310916E-01  4.8436605000847822E-16
    8    2    2     4.1626051339310916E-01  4.8436605000847822E-16
    8    3    1     4.7342708952298507E-01  8.0871995298409383E-16
    8    3    2     4.7342708952298507E-01  8.0871995298409383E-16
    8    4    1     3.9625120378258860E-01 -2.4362022815749285E-16
    8    4    2     3.9625120378258860E-01 -2.4362022815749285E-16
    8    5    1     3.8249296472213568E-01 -4.0982842119952068E-17
    8    5    2     3.8249296472213568E-01 -4.0982842119952068E-17
    8    6    1     4.1396334659876510E-01  1.0977191242577886E-15
    8    6    2     4.1396334659876510E-01  1.0977191242577886E-15
    8    7    1     4.4394415079813954E-01 -1.8088557995205035E-16
    8    7    2     4.4394415079813954E-01 -1.8088557995205035E-16
    8    8    1     4.1261466161118387E-01 -3.1734299385476245E-16
    8    8    2     4.1261466161118387E-01 -3.1734299385476245E-16
      0      0     -1
    1    1    1     4.0857804948760190E-01 -3.1106134089561205E-16
    1    1    2     4.0857804948760190E-01 -3.1106134089561205E-16
    1    2    1     5.5668978631833776E-01  4.9680854048717027E-16
    1    2    2     5.5668978631833776E-01  4.9680854048717027E-16
    1    3    1     4.1396280881796466E-01 -6.6698762398592626E-17
    1    3    2     4.1396280881796466E-01 -6.6698762398592626E-17
    1    4    1     3.8249308362054263E-01  6.7247300935234511E-16
    1    4    2     3.8249308362054263E-01  6.7247300935234511E-16
    1    5    1     4.4395884845863209E-01 -8.4899806369193032E-16
    1    5    2     4.4395884845863209E-01 -8.4899806369193032E-16
    1    6    1     4.1396308076858607E-01 -1.1495253533777561E-15
    1    6    2     4.1396308076858607E-01 -1.1495253533777561E-15
    1    7    1     4.8847717770790278E-01 -2.1426376027155331E-16
    1    7    2     4.8847717770790278E-01 -2.1426376027155331E-16
    1    8    1     3.9463979068034993E-01 -1.4802070159858349E-16
    1    8    2     3.9463979068034993E-01 -1.4802070159858349E-16
    2    1    1     5.5668978631833776E-01 -4.5407742236408533E-16
    2    1    2     5.5668978631833776E-01 -4.5407742236408533E-16
    2    2    1     4.0857856599693415E-01 -3.1458621837778628E-16
    2    2    2     4.0857856599693415E-01 -3.1458621837778628E-16
    2    3    1     5.5668989090561405E-01  1.8388068845354155E-16
    2    3    2     5.5668989090561405E-01  1.8388068845354155E-16
    2    4    1     4.1396491776995281E-01 -6.7502427258947506E-16
    2    4    2     4.1396491776995281E-01 -6.7502427258947506E-16
    2    5    1     6.9718254806735303E-01  1.1045445157467637E-15
    2    5    2     6.9718254806735303E-01  1.1045445157467637E-15
    2    6    1     4.4394435288968581E-01  3.5483226600019346E-16
    2    6    2     4.4394435288968581E-01  3.5483226600019346E-16
    2    7    1     3.9464308634431489E-01 -8.9744834827487630E-17
    2    7    2     3.9464308634431489E-01 -8.9744834827487630E-17
    2    8    1     4.8847750445186955E-01  1.9783555625955615E-16
    2    8    2     4.8847750445186955E-01  1.9783555625955615E-16
    3    1    1     4.1396280881796466E-01 -1.0835923087634813E-16
    3    1    2     4.1396280881796466E-01 -1.0835923087634813E-16
    3    2    1     5.5668989090561405E-01 -2.7633602871224294E-17
    3    2    2     5.5668989090561405E-01 -2.7633602871224294E-17
    3    3    1     4.1261408913519343E-01 -3.0647244932092209E-16
    3    3    2     4.1261408913519343E-01 -3.0647244932092209E-16
    3    4    1     3.8249297817699984E-01 -2.4142683634057784E-16
    3    4    2     3.8249297817699984E-01 -2.4142683634057784E-16
    3    5    1     4.1625950886857116E-01 -6.1577791781906258E-16
    3    5    2     4.1625950886857116E-01 -6.1577791781906258E-16
    3    6    1     4.7342704603856933E-01 -1.1235045012381040E-15
    3    6    2     4.7342704603856933E-01 -1.1235045012381040E-15
    3    7    1     5.5668955760131711E-01  3.4782560946050589E-17
    3    7    2     5.5668955760131711E-01  3.4782560946050589E-17
    3    8    1     4.1396304018621499E-01 -3.7987733618460862E-17
    3    8    2     4.1396304018621499E-01 -3.7987733618460862E-17
    4    1    1     3.8249308362054263E-01 -6.1301341403746136E-16
    4    1    2     3.8249308362054263E-01 -6.1301341403746136E-16
    4    2    1     4.1396491776995292E-01  7.0994066474119183E-16
    4    2    2     4.1396491776995292E-01  7.0994066474119183E-16
    4    3    1     3.8249297817699984E-01  2.4681693050043058E-17
    4    3    2     3.8249297817699984E-01  2.4681693050043058E-17
    4    4    1     4.1262103623384300E-01 -3.0807311215602004E-16
    4    4    2     4.1262103623384300E-01 -3.0807311215602004E-16
    4    5    1     4.1396446092649269E-01 -8.3713960243037011E-17
    4    5    2     4.1396446092649269E-01 -8.3713960243037011E-17
    4    6    1     4.1054965592889670E-01 -8.0170652018082822E-16
    4    6    2     4.1054965592889670E-01 -8.0170652018082822E-16
    4    7    1     4.7341165557983800E-01  6.3568128625540732E-17
    4    7    2     4.7341165557983800E-01  6.3568128625540732E-17
    4    8    1     3.9625142196306978E-01 -1.4549993154755470E-16
    4    8    2     3.9625142196306978E-01 -1.4549993154755470E-16
    5    1    1     4.4395884845863209E-01  6.8265434537834180E-16
    5    1    2     4.4395884845863209E-01  6.8265434537834180E-16
    5    2    1     6.9718254806735314E-01 -8.0220118742202473E-16
    5    2    2     6.9718254806735314E-01 -8.0220118742202473E-16
    5    3    1     4.1625950886857122E-01  5.2874231787336783E-16
    5    3    2     4.1625950886857122E-01  5.2874231787336783E-16
    5    4    1     4.1396446092649281E-01  3.2925864725669163E-17
    5    4    2     4.1396446092649281E-01  3.2925864725669163E-17
    5    5    1     4.1262054726043640E-01 -3.1816163579037831E-16
    5    5    2     4.1262054726043640E-01 -3.1816163579037831E-16
    5    6    1     4.4395894933665381E-01  6.9829777336470784E-16
    5    6    2     4.4395894933665381E-01  6.9829777336470784E-16
    5    7    1     6.9718229433424639E-01 -1.0290908208053506E-15
    5    7    2     6.9718229433424639E-01 -1.0290908208053506E-15
    5    8    1     4.4395892098862960E-01  4.9562947062459228E-16
    5    8    2     4.4395892098862960E-01  4.9562947062459228E-16
    6    1    1     4.1396308076858607E-01  9.4926643585610537E-16
    6    1    2     4.1396308076858607E-01  9.4926643585610537E-16
    6    2    1     4.4394435288968592E-01 -1.5531196120854851E-16
    6    2    2     4.4394435288968592E-01 -1.5531196120854851E-16
    6    3    1     4.7342704603856944E-01  8.7025520253622424E-16
    6    3    2     4.7342704603856944E-01  8.7025520253622424E-16
    6    4    1     4.1054965592889670E-01  6.0703124384747786E-16
    6    4    2     4.1054965592889670E-01  6.0703124384747786E-16
    6    5    1     4.4395894933665381E-01 -7.6157367562344584E-16
    6    5    2     4.4395894933665381E-01 -7.6157367562344584E-16
    6    6    1     4.1261457938620638E-01 -3.0229693487212216E-16
    6    6    2     4.1261457938620638E-01 -3.0229693487212216E-16
    6    7    1     4.4394389362262560E-01 -2.8073932948854442E-16
    6    7    2     4.4394389362262560E-01 -2.8073932948854442E-16
    6    8    1     4.1396331178023688E-01  1.0448524098878587E-15
    6    8    2     4.1396331178023688E-01  1.0448524098878587E-15
    7    1    1     4.8847717770790278E-01  1.9013009753838378E-16
    7    1    2     4.8847717770790278E-01  1.9013009753838378E-16
    7    2    1     3.9464308634431489E-01 -2.7797588449812727E-16
    7    2    2     3.9464308634431489E-01 -2.7797588449812727E-16
    7    3    1     5.5668955760131711E-01  1.1238433144170057E-16
    7    3    2     5.5668955760131711E-01  1.1238433144170057E-16
    7    4    1     4.7341165557983805E-01 -5.1858745162697284E-17
    7    4    2     4.7341165557983805E-01 -5.1858745162697284E-17
    7    5    1     6.9718229433424606E-01  1.2307049910426082E-15
    7    5    2     6.9718229433424606E-01  1.2307049910426082E-15
    7    6    1     4.4394389362262560E-01  2.6108520049692927E-17
    7    6    2     4.4394389362262560E-01  2.6108520049692927E-17
    7    7    1     4.0857809865741612E-01 -3.1757708418362497E-16
    7    7    2     4.0857809865741612E-01 -3.1757708418362497E-16
    7    8    1     5.5668979399874852E-01 -4.6734534644987669E-16
    7    8    2     5.5668979399874852E-01 -4.6734534644987669E-16
    8    1    1     3.9463979068034993E-01 -3.0180122723849623E-16
    8    1    2     3.9463979068034993E-01 -3.0180122723849623E-16
    8    2    1     4.8847750445186960E-01 -2.3478525100115687E-16
    8    2    2     4.8847750445186960E-01 -2.3478525100115687E-16
    8    3    1     4.1396304018621505E-01 -2.7813851482400009E-16
    8    3    2     4.1396304018621505E-01 -2.7813851482400009E-16
    8    4    1     3.9625142196306984E-01 -2.7625471354930653E-16
    8    4    2     3.9625142196306984E-01 -2.7625471354930653E-16
    8    5    1     4.4395892098862966E-01 -5.9887262249952444E-16
    8    5    2     4.4395892098862966E-01 -5.9887262249952444E-16
    8    6    1     4.1396331178023693E-01 -1.3784393955050198E-15
    8    6    2     4.1396331178023693E-01 -1.3784393955050198E-15
    8    7    1     5.5668979399874852E-01  5.6428657319723685E-16
    8    7    2     5.5668979399874852E-01  5.6428657319723685E-16
    8    8    1     4.0857851909989940E-01 -3.2011968437394132E-16
    8    8    2     4.0857851909989940E-01 -3.2011968437394132E-16
      0      0      0
    1    1    1     1.0283542688807135E+00 -4.2397897873445993E-18
    1    1    2     1.0283542688807135E+00 -4.2397897873445993E-18
    1    2    1     5.5669002163933268E-01 -4.7347108872441979E-16
    1    2    2     5.5669002163933268E-01 -4.7347108872441979E-16
    1    3    1     6.9715766657159506E-01 -1.0678781535260196E-15
    1    3    2     6.9715766657159506E-01 -1.0678781535260196E-15
    1    4    1     4.4394422436518882E-01 -2.7048896027734651E-16
    1    4    2     4.4394422436518882E-01 -2.7048896027734651E-16
    1    5    1     5.5668950317127508E-01 -2.4977307548634808E-17
    1    5    2     5.5668950317127508E-01 -2.4977307548634808E-17
    1    6    1     6.9715797232639332E-01 -5.6337855387778024E-17
    1    6    2     6.9715797232639332E-01 -5.6337855387778024E-17
    1    7    1     4.8847702748283278E-01 -5.4400098114344361E-16
    1    7    2     4.8847702748283278E-01 -5.4400098114344361E-16
    1    8    1     6.9715794141793597E-01  1.0842021724855044E-16
    1    8    2     6.9715794141793597E-01  1.0842021724855044E-16
    2    1    1     5.5669002163933257E-01  5.3219418889166592E-16
    2    1    2     5.5669002163933257E-01  5.3219418889166592E-16
    2    2    1     1.0282914239079004E+00  6.2291837840419764E-18
    2    2    2     1.0282914239079004E+00  6.2291837840419764E-18
    2    3    1     4.4394409024300163E-01  5.9906235787970941E-16
    2    3    2     4.4394409024300163E-01  5.9906235787970941E-16
    2    4    1     3.9464333763786474E-01 -7.8636844757194735E-17
    2    4    2     3.9464333763786474E-01 -7.8636844757194735E-17
    2    5    1     4.1396457989319757E-01  1.4640795086701131E-16
    2    5    2     4.1396457989319757E-01  1.4640795086701131E-16
    2    6    1     5.5669006781711583E-01  8.0672773149215171E-16
    2    6    2     5.5669006781711583E-01  8.0672773149215171E-16
    2    7    1     6.9718259972388308E-01 -1.4634018823123096E-16
    2    7    2     6.9718259972388308E-01 -1.4634018823123096E-16
    2    8    1     4.8847785664239723E-01  5.3612696286576764E-16
    2    8    2     4.8847785664239723E-01  5.3612696286576764E-16
    3    1    1     6.9715766657159506E-01  1.1656325319027439E-15
    3    1    2     6.9715766657159506E-01  1.1656325319027439E-15
    3    2    1     4.4394409024300152E-01 -6.5171392588103672E-16
    3    2    2     4.4394409024300152E-01 -6.5171392588103672E-16
    3    3    1     1.0283532359783156E+00 -3.8216772803201379E-18
    3    3    2     1.0283532359783156E+00 -3.8216772803201379E-18
    3    4    1     5.5668974235683577E-01 -1.2352704986283089E-16
    3    4    2     5.5668974235683577E-01 -1.2352704986283089E-16
    3    5    1     4.8847731474542982E-01  4.8164135677539795E-16
    3    5    2     4.8847731474542982E-01  4.8164135677539795E-16
    3    6    1     6.9715799867247885E-01  9.7519242030566500E-16
    3    6    2     6.9715799867247885E-01  9.7519242030566500E-16
    3    7    1     4.4394401987468979E-01 -7.3827391682684818E-16
    3    7    2     4.4394401987468979E-01 -7.3827391682684818E-16
    3    8    1     6.9715790866072946E-01  1.0483828432120146E-15
    3    8    2     6.9715790866072946E-01  1.0483828432120146E-15
    4    1    1     4.4394422436518882E-01 -4.0438199934867552E-17
    4    1    2     4.4394422436518882E-01 -4.0438199934867552E-17
    4    2    1     3.9464333763786474E-01  9.4964251848468628E-17
    4    2    2     3.9464333763786474E-01  9.4964251848468628E-17
    4    3    1     5.5668974235683577E-01  1.6963655889603961E-16
    4    3    2     5.5668974235683577E-01  1.6963655889603961E-16
    4    4    1     1.0282914727489576E+00  1.3229322149634017E-18
    4    4    2     1.0282914727489576E+00  1.3229322149634017E-18
    4    5    1     4.1396470577687150E-01 -5.2380517458205933E-18
    4    5    2     4.1396470577687150E-01 -5.2380517458205933E-18
    4    6    1     4.8847791555485187E-01  3.3534373194976652E-16
    4    6    2     4.8847791555485187E-01  3.3534373194976652E-16
    4    7    1     4.1396470571798716E-01  9.6139594766078695E-16
    4    7    2     4.1396470571798716E-01  9.6139594766078695E-16
    4    8    1     5.5669042373294941E-01 -4.5943067059073250E-16
    4    8    2     5.5669042373294941E-01 -4.5943067059073250E-16
    5    1    1     5.5668950317127508E-01  1.5720931501039814E-18
    5    1    2     5.5668950317127508E-01  1.5720931501039814E-18
    5    2    1     4.1396457989319768E-01 -6.6786853825107073E-17
    5    2    2     4.1396457989319768E-01 -6.6786853825107073E-17
    5    3    1     4.8847731474542999E-01 -4.7864836585627488E-16
    5    3    2     4.8847731474542999E-01 -4.7864836585627488E-16
    5    4    1     4.1396470577687156E-01  4.1640139687021405E-17
    5    4    2     4.1396470577687156E-01  4.1640139687021405E-17
    5    5    1     1.0282892385614197E+00  7.3394444795233735E-19
    5    5    2     1.0282892385614197E+00  7.3394444795233735E-19
    5    6    1     4.4394406478231546E-01 -6.8994475795535956E-16
    5    6    2     4.4394406478231546E-01 -6.8994475795535956E-16
    5    7    1     4.1396434900023232E-01  1.2542186256583876E-16
    5    7    2     4.1396434900023232E-01  1.2542186256583876E-16
    5    8    1     5.5668986765438144E-01  1.5585406229479126E-16
    5    8    2     5.5668986765438144E-01  1.5585406229479126E-16
    6    1    1     6.9715797232639343E-01 -3.2221133313553585E-17
    6    1    2     6.9715797232639343E-01 -3.2221133313553585E-17
    6    2    1     5.5669006781711583E-01 -5.2890092479274120E-16
    6    2    2     5.5669006781711583E-01 -5.2890092479274120E-16
    6    3    1     6.9715799867247885E-01 -9.8918540459430604E-16
    6    3    2     6.9715799867247885E-01 -9.8918540459430604E-16
    6    4    1     4.8847791555485187E-01 -4.2683684278038703E-16
    6    4    2     4.8847791555485187E-01 -4.2683684278038703E-16
    6    5    1     4.4394406478231552E-01  7.8575096055339896E-16
    6    5    2     4.4394406478231552E-01  7.8575096055339896E-16
    6    6    1     1.0283553877390785E+00 -2.6657246413814279E-18
    6    6    2     1.0283553877390785E+00 -2.6657246413814279E-18
    6    7    1     5.5668986657210517E-01 -5.0804104440070955E-16
    6    7    2     5.5668986657210517E-01 -5.0804104440070955E-16
    6    8    1     6.9715780007185468E-01  6.0528974410792302E-17
    6    8    2     6.9715780007185468E-01  6.0528974410792302E-17
    7    1    1     4.8847702748283278E-01  6.6673690223353899E-16
    7    1    2     4.8847702748283278E-01  6.6673690223353899E-16
    7    2    1     6.9718259972388319E-01  1.1133401058710524E-16
    7    2    2     6.9718259972388319E-01  1.1133401058710524E-16
    7    3    1     4.4394401987468979E-01  7.8975996749275357E-16
    7    3    2     4.4394401987468979E-01  7.8975996749275357E-16
    7    4    1     4.1396470571798716E-01 -1.0173678848153511E-15
    7    4    2     4.1396470571798716E-01 -1.0173678848153511E-15
    7    5    1     4.1396434900023216E-01  3.4884204899721105E-17
    7    5    2     4.1396434900023216E-01  3.4884204899721105E-17
    7    6    1     5.5668986657210506E-01  5.7564952018465329E-16
    7    6    2     5.5668986657210506E-01  5.7564952018465329E-16
    7    7    1     1.0282903235283944E+00  5.3212863205016413E-18
    7    7    2     1.0282903235283944E+00  5.3212863205016413E-18
    7    8    1     5.5669001858079481E-01  5.2262610471948134E-16
    7    8    2     5.5669001858079481E-01  5.2262610471948134E-16
    8    1    1     6.9715794141793597E-01  7.1191425150829435E-17
    8    1    2     6.9715794141793597E-01  7.1191425150829435E-17
    8    2    1     4.8847785664239723E-01 -4.7588132097583190E-16
    8    2    2     4.8847785664239723E-01 -4.7588132097583190E-16
    8    3    1     6.9715790866072946E-01 -9.4210392525412301E-16
    8    3    2     6.9715790866072946E-01 -9.4210392525412301E-16
    8    4    1     5.5669042373294941E-01  4.5463307597748415E-16
    8    4    2     5.5669042373294941E-01  4.5463307597748415E-16
    8    5    1     5.5668986765438144E-01 -5.6974824164113258E-17
    8    5    2     5.5668986765438144E-01 -5.6974824164113258E-17
    8    6    1     6.9715780007185468E-01 -7.4608356060053282E-17
    8    6    2     6.9715780007185468E-01 -7.4608356060053282E-17
    8    7    1     5.5669001858079481E-01 -5.3086604123037118E-16
    8    7    2     5.5669001858079481E-01 -5.3086604123037118E-16
    8    8    1     1.0283553391603366E+00 -1.3409078989654303E-18
    8    8    2     1.0283553391603366E+00 -1.3409078989654303E-18
