     -1     -1     -1
    1    1    1    -3.2525048712053126E-02  3.7494412393245684E-08
    1    1    2    -3.2525048712053126E-02  3.7494412393245684E-08
    1    2    1    -2.3951080782127369E-02  5.1288839537862218E-09
    1    2    2    -2.3951080782127369E-02  5.1288839537862218E-09
    1    3    1    -3.1991395511412585E-02  2.1468338691035577E-08
    1    3    2    -3.1991395511412585E-02  2.1468338691035577E-08
    1    4    1    -2.2349843188918545E-02 -2.2049693578430449E-08
    1    4    2    -2.2349843188918545E-02 -2.2049693578430449E-08
    1    5    1    -2.3951125154456812E-02  1.8499430562768436E-08
    1    5    2    -2.3951125154456812E-02  1.8499430562768436E-08
    1    6    1    -3.1991384569675346E-02  1.3359061833049482E-08
    1    6    2    -3.1991384569675346E-02  1.3359061833049482E-08
    1    7    1    -2.2347072844044188E-02  1.1238131940041754E-09
    1    7    2    -2.2347072844044188E-02  1.1238131940041754E-09
    1    8    1    -3.1991410130829713E-02  1.2090047586878910E-08
    1    8    2    -3.1991410130829713E-02  1.2090047586878910E-08
    2    1    1    -2.3951079250379023E-02 -1.1203746346072070E-08
    2    1    2    -2.3951079250379023E-02 -1.1203746346072070E-08
    2    2    1    -3.2524300729609865E-02 -8.3810973884377028E-09
    2    2    2    -3.2524300729609865E-02 -8.3810973884377028E-09
    2    3    1    -2.2349856578631293E-02 -2.7296863424269369E-09
    2    3    2    -2.2349856578631293E-02 -2.7296863424269369E-09
    2    4    1    -4.3490599536670019E-03  6.4562470164409734E-09
    2    4    2    -4.3490599536670019E-03  6.4562470164409734E-09
    2    5    1    -9.4859282526689528E-03  1.7010270339642627E-09
    2    5    2    -9.4859282526689528E-03  1.7010270339642627E-09
    2    6    1    -2.3951093265905020E-02 -1.7908214269141132E-09
    2    6    2    -2.3951093265905020E-02 -1.7908214269141132E-09
    2    7    1    -3.1990735438462412E-02 -1.0033309702335504E-08
    2    7    2    -3.1990735438462412E-02 -1.0033309702335504E-08
    2    8    1    -2.2347100946874407E-02 -4.6211186441076528E-09
    2    8    2    -2.2347100946874407E-02 -4.6211186441076528E-09
    3    1    1    -3.1991397925536166E-02  7.9904922107371307E-09
    3    1    2    -3.1991397925536166E-02  7.9904922107371307E-09
    3    2    1    -2.2349845914412338E-02 -1.5860362960277150E-08
    3    2    2    -2.2349845914412338E-02 -1.5860362960277150E-08
    3    3    1    -3.2525043907674675E-02  2.0844279970206597E-08
    3    3    2    -3.2525043907674675E-02  2.0844279970206597E-08
    3    4    1    -2.3951089917343838E-02  1.6658078320837400E-09
    3    4    2    -2.3951089917343838E-02  1.6658078320837400E-09
    3    5    1    -2.2347091174917792E-02  1.2491277760437065E-08
    3    5    2    -2.2347091174917792E-02  1.2491277760437065E-08
    3    6    1    -3.1991401883843182E-02 -3.3450244059433877E-09
    3    6    2    -3.1991401883843182E-02 -3.3450244059433877E-09
    3    7    1    -2.2349846786006308E-02 -2.5240118306037488E-08
    3    7    2    -2.2349846786006308E-02 -2.5240118306037488E-08
    3    8    1    -3.1991403417627670E-02 -5.0502870608084335E-09
    3    8    2    -3.1991403417627670E-02 -5.0502870608084335E-09
    4    1    1    -2.2349893055481379E-02  9.9966038030210848E-09
    4    1    2    -2.2349893055481379E-02  9.9966038030210848E-09
    4    2    1    -4.3490502228829761E-03  4.1111665112781359E-09
    4    2    2    -4.3490502228829761E-03  4.1111665112781359E-09
    4    3    1    -2.3951124691081842E-02  4.5855780255299072E-09
    4    3    2    -2.3951124691081842E-02  4.5855780255299072E-09
    4    4    1    -3.2524310371543151E-02 -5.0445364897432600E-09
    4    4    2    -3.2524310371543151E-02 -5.0445364897432600E-09
    4    5    1    -9.4859287745199111E-03 -2.1724828235943571E-09
    4    5    2    -9.4859287745199111E-03 -2.1724828235943571E-09
    4    6    1    -2.2347127441148883E-02  1.4253113447092446E-08
    4    6    2    -2.2347127441148883E-02  1.4253113447092446E-08
    4    7    1    -9.4859327752788158E-03  1.3025803398820620E-08
    4    7    2    -9.4859327752788158E-03  1.3025803398820620E-08
    4    8    1    -2.3951118341632719E-02  9.2107788821439230E-09
    4    8    2    -2.3951118341632719E-02  9.2107788821439230E-09
    5    1    1    -2.3951109967004881E-02 -1.4942328660859209E-08
    5    1    2    -2.3951109967004881E-02 -1.4942328660859209E-08
    5    2    1    -9.4859081132264399E-03  3.6323004593596443E-09
    5    2    2    -9.4859081132264399E-03  3.6323004593596443E-09
    5    3    1    -2.2347089426579387E-02 -1.6874712998947206E-08
    5    3    2    -2.2347089426579387E-02 -1.6874712998947206E-08
    5    4    1    -9.4859286785280422E-03  3.3290297990186618E-10
    5    4    2    -9.4859286785280422E-03  3.3290297990186618E-10
    5    5    1    -3.2524304251193931E-02 -1.6295670184659092E-08
    5    5    2    -3.2524304251193931E-02 -1.6295670184659092E-08
    5    6    1    -2.2349870736174813E-02 -7.3042597549560292E-09
    5    6    2    -2.2349870736174813E-02 -7.3042597549560292E-09
    5    7    1    -9.4859559906983228E-03  1.8216343696042319E-08
    5    7    2    -9.4859559906983228E-03  1.8216343696042319E-08
    5    8    1    -2.3951123575489872E-02 -5.9266982968861999E-09
    5    8    2    -2.3951123575489872E-02 -5.9266982968861999E-09
    6    1    1    -3.1991381651410217E-02  1.6029028191933629E-09
    6    1    2    -3.1991381651410217E-02  1.6029028191933629E-09
    6    2    1    -2.3951089537896660E-02 -8.7156089083194777E-09
    6    2    2    -2.3951089537896660E-02 -8.7156089083194777E-09
    6    3    1    -3.1991398100414938E-02  1.4772304908654342E-09
    6    3    2    -3.1991398100414938E-02  1.4772304908654342E-09
    6    4    1    -2.2347125847924650E-02 -6.5020308224255984E-09
    6    4    2    -2.2347125847924650E-02 -6.5020308224255984E-09
    6    5    1    -2.2349832268573535E-02 -6.0543747670930640E-09
    6    5    2    -2.2349832268573535E-02 -6.0543747670930640E-09
    6    6    1    -3.2525066285802678E-02  4.5517937026868708E-09
    6    6    2    -3.2525066285802678E-02  4.5517937026868708E-09
    6    7    1    -2.3951113637612070E-02  4.8954613989619380E-10
    6    7    2    -2.3951113637612070E-02  4.8954613989619380E-10
    6    8    1    -3.1991406124713642E-02 -7.1841906201760779E-09
    6    8    2    -3.1991406124713642E-02 -7.1841906201760779E-09
    7    1    1    -2.2347063587208549E-02 -2.2487456599105154E-09
    7    1    2    -2.2347063587208549E-02 -2.2487456599105154E-09
    7    2    1    -3.1990750177468968E-02 -7.4383051970906551E-09
    7    2    2    -3.1990750177468968E-02 -7.4383051970906551E-09
    7    3    1    -2.2349847512698796E-02  5.5300093347576944E-09
    7    3    2    -2.2349847512698796E-02  5.5300093347576944E-09
    7    4    1    -9.4859185499579224E-03  5.3295022659643771E-09
    7    4    2    -9.4859185499579224E-03  5.3295022659643771E-09
    7    5    1    -9.4859645832891006E-03  1.4129228922434272E-08
    7    5    2    -9.4859645832891006E-03  1.4129228922434272E-08
    7    6    1    -2.3951108307548492E-02 -6.2417238318849127E-09
    7    6    2    -2.3951108307548492E-02 -6.2417238318849127E-09
    7    7    1    -3.2524295334932951E-02 -2.7583293292956265E-08
    7    7    2    -3.2524295334932951E-02 -2.7583293292956265E-08
    7    8    1    -2.3951072359152361E-02 -7.0769214486842932E-09
    7    8    2    -2.3951072359152361E-02 -7.0769214486842932E-09
    8    1    1    -3.1991398215585581E-02  2.4464331138560015E-09
    8    1    2    -3.1991398215585581E-02  2.4464331138560015E-09
    8    2    1    -2.2347105983666359E-02  5.4536118162040802E-09
    8    2    2    -2.2347105983666359E-02  5.4536118162040802E-09
    8    3    1    -3.1991391438175545E-02 -2.8408337020399601E-09
    8    3    2    -3.1991391438175545E-02 -2.8408337020399601E-09
    8    4    1    -2.3951097616518573E-02 -3.1570530313463469E-09
    8    4    2    -2.3951097616518573E-02 -3.1570530313463469E-09
    8    5    1    -2.3951127668994123E-02  1.9870905043747802E-09
    8    5    2    -2.3951127668994123E-02  1.9870905043747802E-09
    8    6    1    -3.1991398864179080E-02 -5.5145434789125508E-09
    8    6    2    -3.1991398864179080E-02 -5.5145434789125508E-09
    8    7    1    -2.3951089167653226E-02  7.2434686013063973E-09
    8    7    2    -2.3951089167653226E-02  7.2434686013063973E-09
    8    8    1    -3.2525057806366775E-02  2.9642094661747297E-09
    8    8    2    -3.2525057806366775E-02  2.9642094661747297E-09
     -1     -1      0
    1    1    1    -1.2329693765142181E-02 -1.7364678356584265E-08
    1    1    2    -1.2329693765142181E-02 -1.7364678356584265E-08
    1    2    1    -2.3951137352831511E-02  1.5191737809378382E-08
    1    2    2    -2.3951137352831511E-02  1.5191737809378382E-08
    1    3    1    -9.4866811674779415E-03 -1.7647774951541064E-08
    1    3    2    -9.4866811674779415E-03 -1.7647774951541064E-08
    1    4    1     3.3925886225452451E-02  1.5877594552579269E-08
    1    4    2     3.3925886225452451E-02  1.5877594552579269E-08
    1    5    1    -2.2350131404464228E-02 -1.2673429519206598E-08
    1    5    2    -2.2350131404464228E-02 -1.2673429519206598E-08
    1    6    1    -9.4866293323540817E-03 -9.5785167707968855E-09
    1    6    2    -9.4866293323540817E-03 -9.5785167707968855E-09
    1    7    1    -2.2347111166517726E-02  1.7688156212809910E-08
    1    7    2    -2.2347111166517726E-02  1.7688156212809910E-08
    1    8    1    -4.3468116425080597E-03  6.5408580904983168E-09
    1    8    2    -4.3468116425080597E-03  6.5408580904983168E-09
    2    1    1    -2.3951128264301458E-02 -1.1763724222410262E-08
    2    1    2    -2.3951128264301458E-02 -1.1763724222410262E-08
    2    2    1    -1.2327625858795245E-02 -1.1651408244323738E-08
    2    2    2    -1.2327625858795245E-02 -1.1651408244323738E-08
    2    3    1    -2.3951126748251714E-02 -9.0812439919749836E-09
    2    3    2    -2.3951126748251714E-02 -9.0812439919749836E-09
    2    4    1    -9.4859407743659273E-03 -6.0927032884792337E-09
    2    4    2    -9.4859407743659273E-03 -6.0927032884792337E-09
    2    5    1    -3.1990737549762754E-02 -7.1249449268566585E-10
    2    5    2    -3.1990737549762754E-02 -7.1249449268566585E-10
    2    6    1    -2.2349909079531466E-02 -9.9061598027175637E-09
    2    6    2    -2.2349909079531466E-02 -9.9061598027175637E-09
    2    7    1    -4.3490160141371366E-03 -9.2502718105247524E-09
    2    7    2    -4.3490160141371366E-03 -9.2502718105247524E-09
    2    8    1    -2.2347092485946102E-02 -1.7601401312474212E-08
    2    8    2    -2.2347092485946102E-02 -1.7601401312474212E-08
    3    1    1    -9.4866734679019335E-03 -1.0646851191484680E-08
    3    1    2    -9.4866734679019335E-03 -1.0646851191484680E-08
    3    2    1    -2.3951106823457219E-02  1.0919795873758629E-08
    3    2    2    -2.3951106823457219E-02  1.0919795873758629E-08
    3    3    1    -5.7380788246178538E-03 -1.7677995125003613E-08
    3    3    2    -5.7380788246178538E-03 -1.7677995125003613E-08
    3    4    1     3.3925797212669778E-02  3.4956538844377689E-09
    3    4    2     3.3925797212669778E-02  3.4956538844377689E-09
    3    5    1    -2.1600910894145765E-02 -1.7520754882838032E-08
    3    5    2    -2.1600910894145765E-02 -1.7520754882838032E-08
    3    6    1    -6.6251882468520255E-03  6.4978903726475206E-09
    3    6    2    -6.6251882468520255E-03  6.4978903726475206E-09
    3    7    1    -2.3951092597746887E-02  2.0358979430636851E-08
    3    7    2    -2.3951092597746887E-02  2.0358979430636851E-08
    3    8    1    -9.4866294511054446E-03  2.4499693981042863E-09
    3    8    2    -9.4866294511054446E-03  2.4499693981042863E-09
    4    1    1     3.3925884018199765E-02 -9.4857268557753547E-09
    4    1    2     3.3925884018199765E-02 -9.4857268557753547E-09
    4    2    1    -9.4859337691231005E-03 -3.5127789732057328E-09
    4    2    2    -9.4859337691231005E-03 -3.5127789732057328E-09
    4    3    1     3.3925832188699365E-02 -4.0782767659075864E-09
    4    3    2     3.3925832188699365E-02 -4.0782767659075864E-09
    4    4    1    -5.7380308781142669E-03  5.5142592164188483E-09
    4    4    2    -5.7380308781142669E-03  5.5142592164188483E-09
    4    5    1    -9.4859217735681588E-03  2.1582973015475183E-09
    4    5    2    -9.4859217735681588E-03  2.1582973015475183E-09
    4    6    1     2.5016072765899681E-02 -1.3610819914337054E-08
    4    6    2     2.5016072765899681E-02 -1.3610819914337054E-08
    4    7    1    -6.6251978625977356E-03 -1.0675483779457360E-08
    4    7    2    -6.6251978625977356E-03 -1.0675483779457360E-08
    4    8    1     1.2238313239541526E-02 -6.9420807941425781E-09
    4    8    2     1.2238313239541526E-02 -6.9420807941425781E-09
    5    1    1    -2.2350096352300869E-02  2.2400526071782222E-08
    5    1    2    -2.2350096352300869E-02  2.2400526071782222E-08
    5    2    1    -3.1990735356489317E-02  2.4767379157910338E-09
    5    2    2    -3.1990735356489317E-02  2.4767379157910338E-09
    5    3    1    -2.1600913778059228E-02  2.0664320663316188E-08
    5    3    2    -2.1600913778059228E-02  2.0664320663316188E-08
    5    4    1    -9.4859220699367239E-03 -2.9775466158771095E-10
    5    4    2    -9.4859220699367239E-03 -2.9775466158771095E-10
    5    5    1    -5.7380966896473859E-03  1.6279528382386542E-08
    5    5    2    -5.7380966896473859E-03  1.6279528382386542E-08
    5    6    1    -2.2350094892896084E-02  1.1122978874678739E-08
    5    6    2    -2.2350094892896084E-02  1.1122978874678739E-08
    5    7    1    -3.1990728094144050E-02 -1.2036640067593211E-08
    5    7    2    -3.1990728094144050E-02 -1.2036640067593211E-08
    5    8    1    -2.2350096507297947E-02  1.3456352611774646E-08
    5    8    2    -2.2350096507297947E-02  1.3456352611774646E-08
    6    1    1    -9.4866188570655041E-03 -1.1373379203688240E-08
    6    1    2    -9.4866188570655041E-03 -1.1373379203688240E-08
    6    2    1    -2.2349872438658415E-02 -4.6099315583290207E-09
    6    2    2    -2.2349872438658415E-02 -4.6099315583290207E-09
    6    3    1    -6.6251921078178365E-03  1.5055230032548603E-09
    6    3    2    -6.6251921078178365E-03  1.5055230032548603E-09
    6    4    1     2.5016066335519418E-02  1.5823071293721659E-08
    6    4    2     2.5016066335519418E-02  1.5823071293721659E-08
    6    5    1    -2.2350127778913320E-02 -3.1262554754278105E-09
    6    5    2    -2.2350127778913320E-02 -3.1262554754278105E-09
    6    6    1    -5.7379849137211975E-03 -1.6381873420700876E-09
    6    6    2    -5.7379849137211975E-03 -1.6381873420700876E-09
    6    7    1    -2.2349869207521238E-02 -1.4677390761975571E-08
    6    7    2    -2.2349869207521238E-02 -1.4677390761975571E-08
    6    8    1    -9.4866328923930918E-03 -3.4407587248121080E-09
    6    8    2    -9.4866328923930918E-03 -3.4407587248121080E-09
    7    1    1    -2.2347104487094042E-02 -1.7764161452353685E-08
    7    1    2    -2.2347104487094042E-02 -1.7764161452353685E-08
    7    2    1    -4.3490023363985872E-03 -9.1219967728449372E-09
    7    2    2    -4.3490023363985872E-03 -9.1219967728449372E-09
    7    3    1    -2.3951118256047337E-02 -1.6644817180337787E-08
    7    3    2    -2.3951118256047337E-02 -1.6644817180337787E-08
    7    4    1    -6.6251837775663895E-03 -7.2044505188131403E-09
    7    4    2    -6.6251837775663895E-03 -7.2044505188131403E-09
    7    5    1    -3.1990746033121374E-02 -1.1016460240760194E-08
    7    5    2    -3.1990746033121374E-02 -1.1016460240760194E-08
    7    6    1    -2.2349911399142275E-02 -5.6231738474163246E-09
    7    6    2    -2.2349911399142275E-02 -5.6231738474163246E-09
    7    7    1    -1.2327640521322764E-02  1.1886771373615110E-08
    7    7    2    -1.2327640521322764E-02  1.1886771373615110E-08
    7    8    1    -2.3951134562332384E-02 -1.2078221172864964E-08
    7    8    2    -2.3951134562332384E-02 -1.2078221172864964E-08
    8    1    1    -4.3468246240040941E-03  1.3056042000550070E-08
    8    1    2    -4.3468246240040941E-03  1.3056042000550070E-08
    8    2    1    -2.2347092410145673E-02  1.0826659006853134E-08
    8    2    2    -2.2347092410145673E-02  1.0826659006853134E-08
    8    3    1    -9.4866524631819736E-03  4.8581101425628761E-09
    8    3    2    -9.4866524631819736E-03  4.8581101425628761E-09
    8    4    1     1.2238416522329123E-02 -2.0137003758737069E-09
    8    4    2     1.2238416522329123E-02 -2.0137003758737069E-09
    8    5    1    -2.2350137271811472E-02  4.1932111669026949E-09
    8    5    2    -2.2350137271811472E-02  4.1932111669026949E-09
    8    6    1    -9.4866593862382859E-03  7.1155061349048501E-09
    8    6    2    -9.4866593862382859E-03  7.1155061349048501E-09
    8    7    1    -2.3951127496693800E-02  9.7050659678826756E-09
    8    7    2    -2.3951127496693800E-02  9.7050659678826756E-09
    8    8    1    -1.2329688526352342E-02  1.3204712040902876E-08
    8    8    2    -1.2329688526352342E-02  1.3204712040902876E-08
     -1      0     -1
    1    1    1    -1.2329656894928535E-02 -1.6341891536550473E-08
    1    1    2    -1.2329656894928535E-02 -1.6341891536550473E-08
    1    2    1    -2.2350128675207685E-02  2.4372001158161067E-09
    1    2    2    -2.2350128675207685E-02  2.4372001158161067E-09
    1    3    1    -9.4866843118994390E-03 -1.8186829819070343E-08
    1    3    2    -9.4866843118994390E-03 -1.8186829819070343E-08
    1    4    1     1.2241706463806621E-02 -4.9950292027581134E-10
    1    4    2     1.2241706463806621E-02 -4.9950292027581134E-10
    1    5    1     1.2238492064833070E-02 -2.4348179493644331E-08
    1    5    2     1.2238492064833070E-02 -2.4348179493644331E-08
    1    6    1    -4.3468555737102635E-03  7.5318966617944757E-09
    1    6    2    -4.3468555737102635E-03  7.5318966617944757E-09
    1    7    1    -2.2347060692187951E-02  2.0571199474936125E-08
    1    7    2    -2.2347060692187951E-02  2.0571199474936125E-08
    1    8    1    -9.4866571435409316E-03 -8.6710121029889386E-09
    1    8    2    -9.4866571435409316E-03 -8.6710121029889386E-09
    2    1    1    -2.2350112848952487E-02  1.1556242929196313E-08
    2    1    2    -2.2350112848952487E-02  1.1556242929196313E-08
    2    2    1    -5.7380295306481699E-03  3.0220305684272199E-09
    2    2    2    -5.7380295306481699E-03  3.0220305684272199E-09
    2    3    1    -2.2350140183582726E-02  7.4487949408485131E-09
    2    3    2    -2.2350140183582726E-02  7.4487949408485131E-09
    2    4    1    -9.4859375226640924E-03 -3.6969860707360776E-09
    2    4    2    -9.4859375226640924E-03 -3.6969860707360776E-09
    2    5    1    -9.4859614951861432E-03  4.3430957721521130E-09
    2    5    2    -9.4859614951861432E-03  4.3430957721521130E-09
    2    6    1    -2.2350127368014144E-02  1.4944424923902730E-09
    2    6    2    -2.2350127368014144E-02  1.4944424923902730E-09
    2    7    1    -9.4858954861922230E-03  6.6902631190964490E-09
    2    7    2    -9.4858954861922230E-03  6.6902631190964490E-09
    2    8    1    -2.1600945061390577E-02  9.5568448327088003E-09
    2    8    2    -2.1600945061390577E-02  9.5568448327088003E-09
    3    1    1    -9.4866391014802494E-03 -9.4040976263353403E-09
    3    1    2    -9.4866391014802494E-03 -9.4040976263353403E-09
    3    2    1    -2.2350151595508773E-02  1.2830917639861745E-08
    3    2    2    -2.2350151595508773E-02  1.2830917639861745E-08
    3    3    1    -5.7380622275951254E-03 -1.8864997625987563E-08
    3    3    2    -5.7380622275951254E-03 -1.8864997625987563E-08
    3    4    1     1.2241828542241699E-02  1.1254958844109503E-09
    3    4    2     1.2241828542241699E-02  1.1254958844109503E-09
    3    5    1     2.5015820966759347E-02 -9.2545916997051032E-09
    3    5    2     2.5015820966759347E-02 -9.2545916997051032E-09
    3    6    1    -9.4866039999602150E-03  2.4817129981488358E-09
    3    6    2    -9.4866039999602150E-03  2.4817129981488358E-09
    3    7    1    -2.3951082656586249E-02  2.2763315881084553E-08
    3    7    2    -2.3951082656586249E-02  2.2763315881084553E-08
    3    8    1    -6.6251833912178149E-03  7.0455520781974052E-09
    3    8    2    -6.6251833912178149E-03  7.0455520781974052E-09
    4    1    1     1.2241834418952838E-02  9.8666864017855960E-09
    4    1    2     1.2241834418952838E-02  9.8666864017855960E-09
    4    2    1    -9.4859443542430338E-03 -5.1655324075984790E-09
    4    2    2    -9.4859443542430338E-03 -5.1655324075984790E-09
    4    3    1     1.2241956744651736E-02  6.2660877443968625E-09
    4    3    2     1.2241956744651736E-02  6.2660877443968625E-09
    4    4    1    -1.2327584320912945E-02 -1.3059813086135564E-08
    4    4    2    -1.2327584320912945E-02 -1.3059813086135564E-08
    4    5    1     8.6055412932651162E-02  1.2473110254409268E-09
    4    5    2     8.6055412932651162E-02  1.2473110254409268E-09
    4    6    1     3.4932442769509114E-03  7.9228952695327664E-09
    4    6    2     3.4932442769509114E-03  7.9228952695327664E-09
    4    7    1    -9.4859811989594211E-03  6.3824903774339253E-09
    4    7    2    -9.4859811989594211E-03  6.3824903774339253E-09
    4    8    1     1.2241938175735712E-02  1.0301558488319225E-09
    4    8    2     1.2241938175735712E-02  1.0301558488319225E-09
    5    1    1     1.2238380451585217E-02  1.2966433928617699E-08
    5    1    2     1.2238380451585217E-02  1.2966433928617699E-08
    5    2    1    -9.4859815260464955E-03 -1.9055493584012881E-09
    5    2    2    -9.4859815260464955E-03 -1.9055493584012881E-09
    5    3    1     2.5015817523803618E-02  1.4311334879064817E-08
    5    3    2     2.5015817523803618E-02  1.4311334879064817E-08
    5    4    1     8.6055417565980091E-02  3.0345916642902731E-10
    5    4    2     8.6055417565980091E-02  3.0345916642902731E-10
    5    5    1    -5.7380898579662415E-03  1.5069085909932275E-08
    5    5    2    -5.7380898579662415E-03  1.5069085909932275E-08
    5    6    1     3.3925816428792666E-02  5.2259072653161599E-09
    5    6    2     3.3925816428792666E-02  5.2259072653161599E-09
    5    7    1    -4.3490701846753306E-03 -1.9169168014002863E-08
    5    7    2    -4.3490701846753306E-03 -1.9169168014002863E-08
    5    8    1     3.3925758957102932E-02  3.2604579461108750E-09
    5    8    2     3.3925758957102932E-02  3.2604579461108750E-09
    6    1    1    -4.3468591857810240E-03  1.4653718066854699E-08
    6    1    2    -4.3468591857810240E-03  1.4653718066854699E-08
    6    2    1    -2.2350155546830567E-02  1.2129014644002392E-08
    6    2    2    -2.2350155546830567E-02  1.2129014644002392E-08
    6    3    1    -9.4866438450625472E-03  2.5965198805131509E-09
    6    3    2    -9.4866438450625472E-03  2.5965198805131509E-09
    6    4    1     3.4932477683073601E-03 -8.4103274821147180E-09
    6    4    2     3.4932477683073601E-03 -8.4103274821147180E-09
    6    5    1     3.3925805321691455E-02  3.0088142905448055E-09
    6    5    2     3.3925805321691455E-02  3.0088142905448055E-09
    6    6    1    -1.2329636909604584E-02  9.9985259991956613E-09
    6    6    2    -1.2329636909604584E-02  9.9985259991956613E-09
    6    7    1    -2.3951120375239898E-02  1.3704117054102511E-08
    6    7    2    -2.3951120375239898E-02  1.3704117054102511E-08
    6    8    1    -9.4866539150444511E-03  1.1273906870391365E-08
    6    8    2    -9.4866539150444511E-03  1.1273906870391365E-08
    7    1    1    -2.2347063181967147E-02 -1.2860543489886622E-08
    7    1    2    -2.2347063181967147E-02 -1.2860543489886622E-08
    7    2    1    -9.4859308670692429E-03  9.2039059126753872E-09
    7    2    2    -9.4859308670692429E-03  9.2039059126753872E-09
    7    3    1    -2.3951090612029796E-02 -1.3808022603221568E-08
    7    3    2    -2.3951090612029796E-02 -1.3808022603221568E-08
    7    4    1    -9.4859538343023235E-03  6.9319074057759035E-09
    7    4    2    -9.4859538343023235E-03  6.9319074057759035E-09
    7    5    1    -4.3490525125191130E-03 -1.6578661767599435E-08
    7    5    2    -4.3490525125191130E-03 -1.6578661767599435E-08
    7    6    1    -2.3951118667309906E-02 -8.2094556957281669E-09
    7    6    2    -2.3951118667309906E-02 -8.2094556957281669E-09
    7    7    1    -1.2327596131496477E-02  1.5674042989328105E-08
    7    7    2    -1.2327596131496477E-02  1.5674042989328105E-08
    7    8    1    -2.2349862857643999E-02 -1.7122822677155623E-09
    7    8    2    -2.2349862857643999E-02 -1.7122822677155623E-09
    8    1    1    -9.4866285929631478E-03 -7.8429037562619767E-09
    8    1    2    -9.4866285929631478E-03 -7.8429037562619767E-09
    8    2    1    -2.1600942033789997E-02 -5.6778187947964332E-09
    8    2    2    -2.1600942033789997E-02 -5.6778187947964332E-09
    8    3    1    -6.6251953539671095E-03  4.2100496668777496E-10
    8    3    2    -6.6251953539671095E-03  4.2100496668777496E-10
    8    4    1     1.2241826625315927E-02  7.7004654925295836E-09
    8    4    2     1.2241826625315927E-02  7.7004654925295836E-09
    8    5    1     3.3925766177086925E-02 -1.9225376268118435E-09
    8    5    2     3.3925766177086925E-02 -1.9225376268118435E-09
    8    6    1    -9.4866273430601195E-03  6.1221185570230652E-10
    8    6    2    -9.4866273430601195E-03  6.1221185570230652E-10
    8    7    1    -2.2349839637996052E-02 -1.1716716020906785E-08
    8    7    2    -2.2349839637996052E-02 -1.1716716020906785E-08
    8    8    1    -5.7379911706807590E-03 -5.0985974540317773E-09
    8    8    2    -5.7379911706807590E-03 -5.0985974540317773E-09
     -1      0      0
    1    1    1    -1.2329689286834117E-02 -2.7388667225152486E-09
    1    1    2    -1.2329689286834117E-02 -2.7388667225152486E-09
    1    2    1     1.2238383248172061E-02 -2.1133720836628020E-08
    1    2    2     1.2238383248172061E-02 -2.1133720836628020E-08
    1    3    1    -4.3468742083508302E-03  1.2895078465731380E-08
    1    3    2    -4.3468742083508302E-03  1.2895078465731380E-08
    1    4    1     3.3925743312280793E-02  5.0832016471917306E-09
    1    4    2     3.3925743312280793E-02  5.0832016471917306E-09
    1    5    1    -2.3951081663998303E-02  2.0136024646065325E-08
    1    5    2    -2.3951081663998303E-02  2.0136024646065325E-08
    1    6    1    -9.4866856555981018E-03 -1.2784687391282788E-08
    1    6    2    -9.4866856555981018E-03 -1.2784687391282788E-08
    1    7    1     3.4932683765713235E-03 -4.0240549864765239E-08
    1    7    2     3.4932683765713235E-03 -4.0240549864765239E-08
    1    8    1    -9.4866522471831645E-03 -1.1366699550272431E-08
    1    8    2    -9.4866522471831645E-03 -1.1366699550272431E-08
    2    1    1     1.2238279311852965E-02  1.1841765816227446E-08
    2    1    2     1.2238279311852965E-02  1.1841765816227446E-08
    2    2    1    -5.7380718115605800E-03  1.7484251228659287E-08
    2    2    2    -5.7380718115605800E-03  1.7484251228659287E-08
    2    3    1     3.3925761537646502E-02  3.9486093840740823E-09
    2    3    2     3.3925761537646502E-02  3.9486093840740823E-09
    2    4    1     8.6055067270313618E-02  2.9112030075086168E-09
    2    4    2     8.6055067270313618E-02  2.9112030075086168E-09
    2    5    1    -6.6251657771978466E-03 -4.8302612955144607E-09
    2    5    2    -6.6251657771978466E-03 -4.8302612955144607E-09
    2    6    1     3.3925893943251767E-02  9.7574096171950840E-09
    2    6    2     3.3925893943251767E-02  9.7574096171950840E-09
    2    7    1    -9.4859211713877074E-03  1.2244911418794724E-08
    2    7    2    -9.4859211713877074E-03  1.2244911418794724E-08
    2    8    1     2.5016212912169388E-02  1.2281826139739057E-08
    2    8    2     2.5016212912169388E-02  1.2281826139739057E-08
    3    1    1    -4.3468840264386660E-03  1.2226442476039777E-08
    3    1    2    -4.3468840264386660E-03  1.2226442476039777E-08
    3    2    1     3.3925742296087628E-02 -7.7003851928371782E-09
    3    2    2     3.3925742296087628E-02 -7.7003851928371782E-09
    3    3    1    -1.2329730563733585E-02  1.5452711414330739E-08
    3    3    2    -1.2329730563733585E-02  1.5452711414330739E-08
    3    4    1     1.2238433183780914E-02 -6.6068540248059428E-09
    3    4    2     1.2238433183780914E-02 -6.6068540248059428E-09
    3    5    1    -2.2347113288560230E-02  1.4513915356121029E-08
    3    5    2    -2.2347113288560230E-02  1.4513915356121029E-08
    3    6    1    -9.4867293942967716E-03 -5.8402429638676782E-09
    3    6    2    -9.4867293942967716E-03 -5.8402429638676782E-09
    3    7    1     1.2241921082617581E-02 -1.8059360732209848E-08
    3    7    2     1.2241921082617581E-02 -1.8059360732209848E-08
    3    8    1    -9.4867146643876840E-03 -4.6446261023976206E-09
    3    8    2    -9.4867146643876840E-03 -4.6446261023976206E-09
    4    1    1     3.3925745523999941E-02 -1.1335023627777932E-08
    4    1    2     3.3925745523999941E-02 -1.1335023627777932E-08
    4    2    1     8.6055056691541343E-02  3.2029519215566396E-09
    4    2    2     8.6055056691541343E-02  3.2029519215566396E-09
    4    3    1     1.2238304549821166E-02 -5.4002540767626291E-09
    4    3    2     1.2238304549821166E-02 -5.4002540767626291E-09
    4    4    1    -5.7380929628642122E-03  1.3863293243946934E-08
    4    4    2    -5.7380929628642122E-03  1.3863293243946934E-08
    4    5    1    -4.3490531493756493E-03 -2.6474405291922166E-09
    4    5    2    -4.3490531493756493E-03 -2.6474405291922166E-09
    4    6    1     2.5016164005965777E-02 -7.2874366675158261E-09
    4    6    2     2.5016164005965777E-02 -7.2874366675158261E-09
    4    7    1     8.6055270434229919E-02 -7.8217432536583590E-09
    4    7    2     8.6055270434229919E-02 -7.8217432536583590E-09
    4    8    1     3.3925756959089774E-02 -1.9686289579115286E-09
    4    8    2     3.3925756959089774E-02 -1.9686289579115286E-09
    5    1    1    -2.3951098130219537E-02 -2.0043723353852373E-08
    5    1    2    -2.3951098130219537E-02 -2.0043723353852373E-08
    5    2    1    -6.6251679376832032E-03 -3.5991319088864463E-09
    5    2    2    -6.6251679376832032E-03 -3.5991319088864463E-09
    5    3    1    -2.2347108693315319E-02 -1.8464418042943306E-08
    5    3    2    -2.2347108693315319E-02 -1.8464418042943306E-08
    5    4    1    -4.3490578724239125E-03 -7.9837102073216444E-10
    5    4    2    -4.3490578724239125E-03 -7.9837102073216444E-10
    5    5    1    -1.2327685714258754E-02 -1.4572387698679887E-08
    5    5    2    -1.2327685714258754E-02 -1.4572387698679887E-08
    5    6    1    -2.3951118313264221E-02 -9.4367645881968554E-09
    5    6    2    -2.3951118313264221E-02 -9.4367645881968554E-09
    5    7    1    -9.4859163198610305E-03  1.2735050077587143E-08
    5    7    2    -9.4859163198610305E-03  1.2735050077587143E-08
    5    8    1    -2.2349900370574674E-02 -1.1273185876491728E-08
    5    8    2    -2.2349900370574674E-02 -1.1273185876491728E-08
    6    1    1    -9.4866553417995436E-03 -4.6275338531203151E-09
    6    1    2    -9.4866553417995436E-03 -4.6275338531203151E-09
    6    2    1     3.3925882413560191E-02  1.5508686885880058E-09
    6    2    2     3.3925882413560191E-02  1.5508686885880058E-09
    6    3    1    -9.4866892937510786E-03 -5.9884714052432482E-09
    6    3    2    -9.4866892937510786E-03 -5.9884714052432482E-09
    6    4    1     2.5016165334125769E-02 -1.2566664959932997E-09
    6    4    2     2.5016165334125769E-02 -1.2566664959932997E-09
    6    5    1    -2.3951113041725619E-02  6.5760653357379891E-09
    6    5    2    -2.3951113041725619E-02  6.5760653357379891E-09
    6    6    1    -5.7380534251597198E-03 -1.3253807563757990E-08
    6    6    2    -5.7380534251597198E-03 -1.3253807563757990E-08
    6    7    1     1.2241858920175205E-02  2.1645147509789648E-10
    6    7    2     1.2241858920175205E-02  2.1645147509789648E-10
    6    8    1    -6.6252119039683539E-03 -1.0113885017046949E-09
    6    8    2    -6.6252119039683539E-03 -1.0113885017046949E-09
    7    1    1     3.4932625965360571E-03  3.2813979637594649E-08
    7    1    2     3.4932625965360571E-03  3.2813979637594649E-08
    7    2    1    -9.4859275913091110E-03  7.1610691733069967E-09
    7    2    2    -9.4859275913091110E-03  7.1610691733069967E-09
    7    3    1     1.2242033648020187E-02  2.5221867515354333E-08
    7    3    2     1.2242033648020187E-02  2.5221867515354333E-08
    7    4    1     8.6055258243871544E-02 -4.8587974993031407E-09
    7    4    2     8.6055258243871544E-02 -4.8587974993031407E-09
    7    5    1    -9.4859506836011513E-03  1.3255034236447222E-08
    7    5    2    -9.4859506836011513E-03  1.3255034236447222E-08
    7    6    1     1.2241971756089966E-02  2.0237371304472313E-08
    7    6    2     1.2241971756089966E-02  2.0237371304472313E-08
    7    7    1    -1.2327637535359516E-02  1.5262099872321743E-10
    7    7    2    -1.2327637535359516E-02  1.5262099872321743E-10
    7    8    1     1.2241928268819462E-02  2.1129844845391339E-08
    7    8    2     1.2241928268819462E-02  2.1129844845391339E-08
    8    1    1    -9.4866393690328892E-03 -7.9868260281486334E-09
    8    1    2    -9.4866393690328892E-03 -7.9868260281486334E-09
    8    2    1     2.5016214822918464E-02 -1.1049273056676979E-08
    8    2    2     2.5016214822918464E-02 -1.1049273056676979E-08
    8    3    1    -9.4866917387653876E-03 -2.0735883259347413E-09
    8    3    2    -9.4866917387653876E-03 -2.0735883259347413E-09
    8    4    1     3.3925743880040424E-02 -2.2169303987991623E-09
    8    4    2     3.3925743880040424E-02 -2.2169303987991623E-09
    8    5    1    -2.2349862542729679E-02 -4.6272168930018174E-09
    8    5    2    -2.2349862542729679E-02 -4.6272168930018174E-09
    8    6    1    -6.6252185383176461E-03 -1.6742660564292864E-09
    8    6    2    -6.6252185383176461E-03 -1.6742660564292864E-09
    8    7    1     1.2241836950648117E-02 -4.9142306068227686E-09
    8    7    2     1.2241836950648117E-02 -4.9142306068227686E-09
    8    8    1    -5.7380302388270396E-03 -1.0630237783643176E-08
    8    8    2    -5.7380302388270396E-03 -1.0630237783643176E-08
      0     -1     -1
    1    1    1    -5.7379934275304939E-03 -3.3643819138905819E-09
    1    1    2    -5.7379934275304939E-03 -3.3643819138905819E-09
    1    2    1    -2.2349849891618173E-02 -2.1126984482721690E-08
    1    2    2    -2.2349849891618173E-02 -2.1126984482721690E-08
    1    3    1    -6.6251553645165287E-03  1.3114264177331429E-08
    1    3    2    -6.6251553645165287E-03  1.3114264177331429E-08
    1    4    1    -2.3951124925591271E-02  5.1190148470366585E-09
    1    4    2    -2.3951124925591271E-02  5.1190148470366585E-09
    1    5    1     3.3925833012699275E-02  1.8798085108971078E-08
    1    5    2     3.3925833012699275E-02  1.8798085108971078E-08
    1    6    1    -9.4866551676725912E-03 -1.1384794007194817E-08
    1    6    2    -9.4866551676725912E-03 -1.1384794007194817E-08
    1    7    1    -2.1600926811366356E-02 -3.9278279908750596E-08
    1    7    2    -2.1600926811366356E-02 -3.9278279908750596E-08
    1    8    1    -9.4866399558716299E-03 -1.1049515291664490E-08
    1    8    2    -9.4866399558716299E-03 -1.1049515291664490E-08
    2    1    1    -2.2349876179911885E-02  1.1305381910524989E-08
    2    1    2    -2.2349876179911885E-02  1.1305381910524989E-08
    2    2    1    -1.2327641796133056E-02  1.7244239734330359E-08
    2    2    2    -1.2327641796133056E-02  1.7244239734330359E-08
    2    3    1    -2.3951126122270419E-02  2.9666258626702001E-09
    2    3    2    -2.3951126122270419E-02  2.9666258626702001E-09
    2    4    1    -3.1990740967951292E-02  3.3630362143103470E-09
    2    4    2    -3.1990740967951292E-02  3.3630362143103470E-09
    2    5    1    -4.3490156555197022E-03 -4.1448982214412153E-09
    2    5    2    -4.3490156555197022E-03 -4.1448982214412153E-09
    2    6    1    -2.3951108387629406E-02  9.6161084663749308E-09
    2    6    2    -2.3951108387629406E-02  9.6161084663749308E-09
    2    7    1    -9.4859479566364209E-03  1.3643588552651200E-08
    2    7    2    -9.4859479566364209E-03  1.3643588552651200E-08
    2    8    1    -2.2347093886600077E-02  1.3373689654139730E-08
    2    8    2    -2.2347093886600077E-02  1.3373689654139730E-08
    3    1    1    -6.6251530206531857E-03  2.3054623103748909E-08
    3    1    2    -6.6251530206531857E-03  2.3054623103748909E-08
    3    2    1    -2.3951109891623121E-02  1.9164902969793130E-09
    3    2    2    -2.3951109891623121E-02  1.9164902969793130E-09
    3    3    1    -5.7379900958930835E-03  9.7485191341637131E-09
    3    3    2    -5.7379900958930835E-03  9.7485191341637131E-09
    3    4    1    -2.2349848747962794E-02 -1.6182023619736801E-08
    3    4    2    -2.2349848747962794E-02 -1.6182023619736801E-08
    3    5    1     2.5016195794703017E-02  2.1471876174877544E-08
    3    5    2     2.5016195794703017E-02  2.1471876174877544E-08
    3    6    1    -9.4866376967226718E-03  5.3648056045453108E-09
    3    6    2    -9.4866376967226718E-03  5.3648056045453108E-09
    3    7    1    -2.2350115935645048E-02 -8.1388991704693463E-09
    3    7    2    -2.2350115935645048E-02 -8.1388991704693463E-09
    3    8    1    -9.4866314878427685E-03  6.4963816731237025E-09
    3    8    2    -9.4866314878427685E-03  6.4963816731237025E-09
    4    1    1    -2.3951122641302489E-02 -1.2014970151208446E-08
    4    1    2    -2.3951122641302489E-02 -1.2014970151208446E-08
    4    2    1    -3.1990751280370724E-02  4.2151145817154192E-09
    4    2    2    -3.1990751280370724E-02  4.2151145817154192E-09
    4    3    1    -2.2349864088403955E-02 -7.0806926780026027E-09
    4    3    2    -2.2349864088403955E-02 -7.0806926780026027E-09
    4    4    1    -1.2327615651729282E-02  1.3115245848784465E-08
    4    4    2    -1.2327615651729282E-02  1.3115245848784465E-08
    4    5    1    -6.6251719320568683E-03 -2.2528341303115393E-09
    4    5    2    -6.6251719320568683E-03 -2.2528341303115393E-09
    4    6    1    -2.2347090051819889E-02 -7.9141706042147619E-09
    4    6    2    -2.2347090051819889E-02 -7.9141706042147619E-09
    4    7    1    -3.1990720137855158E-02 -7.2983508268846433E-09
    4    7    2    -3.1990720137855158E-02 -7.2983508268846433E-09
    4    8    1    -2.3951094415667666E-02 -3.1136057335137311E-09
    4    8    2    -2.3951094415667666E-02 -3.1136057335137311E-09
    5    1    1     3.3925816507959658E-02 -2.0068320244145694E-08
    5    1    2     3.3925816507959658E-02 -2.0068320244145694E-08
    5    2    1    -4.3490187985824186E-03 -3.4200094080376808E-09
    5    2    2    -4.3490187985824186E-03 -3.4200094080376808E-09
    5    3    1     2.5016193994196776E-02 -1.8554924471640530E-08
    5    3    2     2.5016193994196776E-02 -1.8554924471640530E-08
    5    4    1    -6.6251753774660069E-03 -8.7776452697358788E-10
    5    4    2    -6.6251753774660069E-03 -8.7776452697358788E-10
    5    5    1    -5.7380155518457279E-03 -1.4753187926676148E-08
    5    5    2    -5.7380155518457279E-03 -1.4753187926676148E-08
    5    6    1     3.3925820972693685E-02 -8.8124999283861704E-09
    5    6    2     3.3925820972693685E-02 -8.8124999283861704E-09
    5    7    1    -9.4859543162549541E-03  1.3267428339694463E-08
    5    7    2    -9.4859543162549541E-03  1.3267428339694463E-08
    5    8    1     1.2238250639709606E-02 -1.0941367522976776E-08
    5    8    2     1.2238250639709606E-02 -1.0941367522976776E-08
    6    1    1    -9.4866655519973489E-03 -4.3851235979890004E-09
    6    1    2    -9.4866655519973489E-03 -4.3851235979890004E-09
    6    2    1    -2.3951120002355143E-02  2.0690163491382941E-10
    6    2    2    -2.3951120002355143E-02  2.0690163491382941E-10
    6    3    1    -9.4866504694547243E-03 -4.8044099006168297E-09
    6    3    2    -9.4866504694547243E-03 -4.8044099006168297E-09
    6    4    1    -2.2347087403070370E-02 -2.0341219765736588E-10
    6    4    2    -2.2347087403070370E-02 -2.0341219765736588E-10
    6    5    1     3.3925826378140539E-02  6.8867263147568206E-09
    6    5    2     3.3925826378140539E-02  6.8867263147568206E-09
    6    6    1    -1.2329672896839901E-02 -1.3980093652402688E-08
    6    6    2    -1.2329672896839901E-02 -1.3980093652402688E-08
    6    7    1    -2.2350161458496304E-02 -8.0613281430980444E-10
    6    7    2    -2.2350161458496304E-02 -8.0613281430980444E-10
    6    8    1    -4.3468642596021581E-03 -4.5502437575582687E-10
    6    8    2    -4.3468642596021581E-03 -4.5502437575582687E-10
    7    1    1    -2.1600936416335460E-02  3.2547298258764703E-08
    7    1    2    -2.1600936416335460E-02  3.2547298258764703E-08
    7    2    1    -9.4859125149154948E-03  7.6741235343195957E-09
    7    2    2    -9.4859125149154948E-03  7.6741235343195957E-09
    7    3    1    -2.2350116641888094E-02  2.4386535273107244E-08
    7    3    2    -2.2350116641888094E-02  2.4386535273107244E-08
    7    4    1    -3.1990733806093546E-02 -5.1074998671732244E-09
    7    4    2    -3.1990733806093546E-02 -5.1074998671732244E-09
    7    5    1    -9.4859458313942581E-03  1.3436959141824311E-08
    7    5    2    -9.4859458313942581E-03  1.3436959141824311E-08
    7    6    1    -2.2350126326204003E-02  2.0324876663266256E-08
    7    6    2    -2.2350126326204003E-02  2.0324876663266256E-08
    7    7    1    -5.7380298540538749E-03  9.4939807488980512E-10
    7    7    2    -5.7380298540538749E-03  9.4939807488980512E-10
    7    8    1    -2.2350125602260820E-02  2.1144711294276801E-08
    7    8    2    -2.2350125602260820E-02  2.1144711294276801E-08
    8    1    1    -9.4866686110106277E-03 -8.2821691705606704E-09
    8    1    2    -9.4866686110106277E-03 -8.2821691705606704E-09
    8    2    1    -2.2347088984313541E-02 -1.0643136550602480E-08
    8    2    2    -2.2347088984313541E-02 -1.0643136550602480E-08
    8    3    1    -9.4866622950659889E-03 -2.9152100335631684E-09
    8    3    2    -9.4866622950659889E-03 -2.9152100335631684E-09
    8    4    1    -2.3951107541521070E-02 -2.4627453591998211E-09
    8    4    2    -2.3951107541521070E-02 -2.4627453591998211E-09
    8    5    1     1.2238366215099302E-02 -4.3472171941939222E-09
    8    5    2     1.2238366215099302E-02 -4.3472171941939222E-09
    8    6    1    -4.3468717488505497E-03 -1.9128645802006365E-09
    8    6    2    -4.3468717488505497E-03 -1.9128645802006365E-09
    8    7    1    -2.2350139082546790E-02 -4.4024173283642790E-09
    8    7    2    -2.2350139082546790E-02 -4.4024173283642790E-09
    8    8    1    -1.2329701658868229E-02 -1.0823067915162792E-08
    8    8    2    -1.2329701658868229E-02 -1.0823067915162792E-08
      0     -1      0
    1    1    1    -5.7380301788973395E-03 -1.6444734875311570E-08
    1    1    2    -5.7380301788973395E-03 -1.6444734875311570E-08
    1    2    1     1.2241839807422850E-02  9.6952099190442727E-10
    1    2    2     1.2241839807422850E-02  9.6952099190442727E-10
    1    3    1    -9.4866810313085567E-03 -1.6634418708764238E-08
    1    3    2    -9.4866810313085567E-03 -1.6634418708764238E-08
    1    4    1    -2.2350189234017534E-02  6.9424615450382408E-10
    1    4    2    -2.2350189234017534E-02  6.9424615450382408E-10
    1    5    1    -2.2349832646724792E-02 -2.5021782314166427E-08
    1    5    2    -2.2349832646724792E-02 -2.5021782314166427E-08
    1    6    1    -6.6252170944294947E-03  7.8789975127042814E-09
    1    6    2    -6.6252170944294947E-03  7.8789975127042814E-09
    1    7    1     2.5016223370990673E-02  2.0056367269915346E-08
    1    7    2     2.5016223370990673E-02  2.0056367269915346E-08
    1    8    1    -9.4866441038628548E-03 -7.8326158918498785E-09
    1    8    2    -9.4866441038628548E-03 -7.8326158918498785E-09
    2    1    1     1.2241933256880199E-02  1.0133307508323878E-08
    2    1    2     1.2241933256880199E-02  1.0133307508323878E-08
    2    2    1    -1.2327639221518132E-02  1.6559837433304223E-09
    2    2    2    -1.2327639221518132E-02  1.6559837433304223E-09
    2    3    1     1.2241910056745223E-02  7.1558329808696461E-09
    2    3    2     1.2241910056745223E-02  7.1558329808696461E-09
    2    4    1    -9.4859448420025506E-03 -2.2167696796760800E-09
    2    4    2    -9.4859448420025506E-03 -2.2167696796760800E-09
    2    5    1    -9.4859331257930828E-03  4.5857759480743329E-09
    2    5    2    -9.4859331257930828E-03  4.5857759480743329E-09
    2    6    1     1.2241965406646651E-02  3.9024886767198216E-10
    2    6    2     1.2241965406646651E-02  3.9024886767198216E-10
    2    7    1    -9.4859328663125901E-03  6.9618600810307995E-09
    2    7    2    -9.4859328663125901E-03  6.9618600810307995E-09
    2    8    1     3.4933532958311368E-03  9.7635119834372076E-09
    2    8    2     3.4933532958311368E-03  9.7635119834372076E-09
    3    1    1    -9.4866884658863955E-03 -2.0534913678536885E-08
    3    1    2    -9.4866884658863955E-03 -2.0534913678536885E-08
    3    2    1     1.2241785576814875E-02  2.8727642817886903E-09
    3    2    2     1.2241785576814875E-02  2.8727642817886903E-09
    3    3    1    -1.2329644052813331E-02 -1.3036953568044022E-08
    3    3    2    -1.2329644052813331E-02 -1.3036953568044022E-08
    3    4    1    -2.2350120117433800E-02  1.1105093239259212E-08
    3    4    2    -2.2350120117433800E-02  1.1105093239259212E-08
    3    5    1    -2.2347053805130537E-02 -1.6329163271851806E-08
    3    5    2    -2.2347053805130537E-02 -1.6329163271851806E-08
    3    6    1    -9.4866662653050361E-03 -8.5967503460820721E-09
    3    6    2    -9.4866662653050361E-03 -8.5967503460820721E-09
    3    7    1     3.3925782328432443E-02  1.3155909325720779E-08
    3    7    2     3.3925782328432443E-02  1.3155909325720779E-08
    3    8    1    -4.3468333490350800E-03 -3.7418402382252735E-09
    3    8    2    -4.3468333490350800E-03 -3.7418402382252735E-09
    4    1    1    -2.2350138965479667E-02  1.0703987070748765E-08
    4    1    2    -2.2350138965479667E-02  1.0703987070748765E-08
    4    2    1    -9.4859113178755519E-03 -5.3014135609993623E-09
    4    2    2    -9.4859113178755519E-03 -5.3014135609993623E-09
    4    3    1    -2.2350105219146196E-02  6.0221082242517285E-09
    4    3    2    -2.2350105219146196E-02  6.0221082242517285E-09
    4    4    1    -5.7380826845144367E-03 -1.2896421938221724E-08
    4    4    2    -5.7380826845144367E-03 -1.2896421938221724E-08
    4    5    1    -3.1990734386266026E-02  2.8546708388325058E-09
    4    5    2    -3.1990734386266026E-02  2.8546708388325058E-09
    4    6    1    -2.1600921889750907E-02  6.6281411913078771E-09
    4    6    2    -2.1600921889750907E-02  6.6281411913078771E-09
    4    7    1    -9.4859060074764558E-03  5.7822467107565534E-09
    4    7    2    -9.4859060074764558E-03  5.7822467107565534E-09
    4    8    1    -2.2350146512129673E-02  1.3782273938817591E-09
    4    8    2    -2.2350146512129673E-02  1.3782273938817591E-09
    5    1    1    -2.2349866537111442E-02  1.2729906372694244E-08
    5    1    2    -2.2349866537111442E-02  1.2729906372694244E-08
    5    2    1    -9.4859115330131853E-03 -2.5022312047487437E-09
    5    2    2    -9.4859115330131853E-03 -2.5022312047487437E-09
    5    3    1    -2.2347050852976932E-02  1.4837951260985434E-08
    5    3    2    -2.2347050852976932E-02  1.4837951260985434E-08
    5    4    1    -3.1990731062532154E-02  9.2245131220414982E-10
    5    4    2    -3.1990731062532154E-02  9.2245131220414982E-10
    5    5    1    -1.2327596481321583E-02  1.4819085193157962E-08
    5    5    2    -1.2327596481321583E-02  1.4819085193157962E-08
    5    6    1    -2.3951109529454652E-02  5.0361749202988508E-09
    5    6    2    -2.3951109529454652E-02  5.0361749202988508E-09
    5    7    1    -6.6251392390442795E-03 -1.9440445291974209E-08
    5    7    2    -6.6251392390442795E-03 -1.9440445291974209E-08
    5    8    1    -2.3951125200096277E-02  3.3538110254873214E-09
    5    8    2    -2.3951125200096277E-02  3.3538110254873214E-09
    6    1    1    -6.6252204957304682E-03  1.4123632028761602E-08
    6    1    2    -6.6252204957304682E-03  1.4123632028761602E-08
    6    2    1     1.2241859710406339E-02  1.3070832499890891E-08
    6    2    2     1.2241859710406339E-02  1.3070832499890891E-08
    6    3    1    -9.4866532617426027E-03  1.6779067582372393E-09
    6    3    2    -9.4866532617426027E-03  1.6779067582372393E-09
    6    4    1    -2.1600919711854606E-02 -9.1168842555408315E-09
    6    4    2    -2.1600919711854606E-02 -9.1168842555408315E-09
    6    5    1    -2.3951120785660487E-02  2.3642634142417093E-09
    6    5    2    -2.3951120785660487E-02  2.3642634142417093E-09
    6    6    1    -5.7380476724197826E-03  1.0990481601345648E-08
    6    6    2    -5.7380476724197826E-03  1.0990481601345648E-08
    6    7    1     3.3925872360893172E-02  1.4946154591656309E-08
    6    7    2     3.3925872360893172E-02  1.4946154591656309E-08
    6    8    1    -9.4866591470369847E-03  1.1049374196347890E-08
    6    8    2    -9.4866591470369847E-03  1.1049374196347890E-08
    7    1    1     2.5016217050456924E-02 -1.3004626682244563E-08
    7    1    2     2.5016217050456924E-02 -1.3004626682244563E-08
    7    2    1    -9.4859264134270725E-03  8.5498230806434661E-09
    7    2    2    -9.4859264134270725E-03  8.5498230806434661E-09
    7    3    1     3.3925809645109301E-02 -1.3699180836919758E-08
    7    3    2     3.3925809645109301E-02 -1.3699180836919758E-08
    7    4    1    -9.4859201682378005E-03  7.5904386760415371E-09
    7    4    2    -9.4859201682378005E-03  7.5904386760415371E-09
    7    5    1    -6.6251213339023306E-03 -1.6047014787463670E-08
    7    5    2    -6.6251213339023306E-03 -1.6047014787463670E-08
    7    6    1     3.3925873793107825E-02 -8.9885407843416839E-09
    7    6    2     3.3925873793107825E-02 -8.9885407843416839E-09
    7    7    1    -5.7380722194454170E-03  1.5300537538159105E-08
    7    7    2    -5.7380722194454170E-03  1.5300537538159105E-08
    7    8    1     1.2238277901419530E-02 -1.5742992009638184E-09
    7    8    2     1.2238277901419530E-02 -1.5742992009638184E-09
    8    1    1    -9.4866570667921125E-03 -7.8582449805381527E-09
    8    1    2    -9.4866570667921125E-03 -7.8582449805381527E-09
    8    2    1     3.4933593179924931E-03 -6.0436175871786558E-09
    8    2    2     3.4933593179924931E-03 -6.0436175871786558E-09
    8    3    1    -4.3468342110151922E-03  2.4679198109753536E-10
    8    3    2    -4.3468342110151922E-03  2.4679198109753536E-10
    8    4    1    -2.2350180268846540E-02  8.0317519148695384E-09
    8    4    2    -2.2350180268846540E-02  8.0317519148695384E-09
    8    5    1    -2.3951118006703000E-02 -1.2587506357879773E-09
    8    5    2    -2.3951118006703000E-02 -1.2587506357879773E-09
    8    6    1    -9.4866743578075775E-03 -1.4438551920808670E-10
    8    6    2    -9.4866743578075775E-03 -1.4438551920808670E-10
    8    7    1     1.2238378983377294E-02 -1.1974383684493239E-08
    8    7    2     1.2238378983377294E-02 -1.1974383684493239E-08
    8    8    1    -1.2329692452411424E-02 -5.0103962371720661E-09
    8    8    2    -1.2329692452411424E-02 -5.0103962371720661E-09
      0      0     -1
    1    1    1    -5.7380967723690487E-03 -1.8767140354235029E-08
    1    1    2    -5.7380967723690487E-03 -1.8767140354235029E-08
    1    2    1     3.3925731984487575E-02  1.4491957931643887E-08
    1    2    2     3.3925731984487575E-02  1.4491957931643887E-08
    1    3    1    -9.4866515985912916E-03 -1.7391865130754426E-08
    1    3    2    -9.4866515985912916E-03 -1.7391865130754426E-08
    1    4    1    -2.3951109432777465E-02  1.6843881593589076E-08
    1    4    2    -2.3951109432777465E-02  1.6843881593589076E-08
    1    5    1     1.2241971098826632E-02 -1.3886575695969800E-08
    1    5    2     1.2241971098826632E-02 -1.3886575695969800E-08
    1    6    1    -9.4866716232857827E-03 -8.9593265205494834E-09
    1    6    2    -9.4866716232857827E-03 -8.9593265205494834E-09
    1    7    1     2.5016174574253550E-02  1.8519879989416348E-08
    1    7    2     2.5016174574253550E-02  1.8519879989416348E-08
    1    8    1    -6.6252279539654770E-03  6.6630246267035767E-09
    1    8    2    -6.6252279539654770E-03  6.6630246267035767E-09
    2    1    1     3.3925741115299619E-02 -1.1558221936770990E-08
    2    1    2     3.3925741115299619E-02 -1.1558221936770990E-08
    2    2    1    -5.7381087705033196E-03 -1.1806670805259602E-08
    2    2    2    -5.7381087705033196E-03 -1.1806670805259602E-08
    2    3    1     3.3925808877199454E-02 -7.7096669351871207E-09
    2    3    2     3.3925808877199454E-02 -7.7096669351871207E-09
    2    4    1    -9.4858953164385536E-03 -6.0486354421968882E-09
    2    4    2    -9.4858953164385536E-03 -6.0486354421968882E-09
    2    5    1     8.6055382352412127E-02 -1.9709380088010677E-09
    2    5    2     8.6055382352412127E-02 -1.9709380088010677E-09
    2    6    1     1.2238275771950738E-02 -9.3018152292549498E-09
    2    6    2     1.2238275771950738E-02 -9.3018152292549498E-09
    2    7    1    -6.6252182218161319E-03 -1.0329743348208185E-08
    2    7    2    -6.6252182218161319E-03 -1.0329743348208185E-08
    2    8    1     2.5016020534677951E-02 -1.8306114873801142E-08
    2    8    2     2.5016020534677951E-02 -1.8306114873801142E-08
    3    1    1    -9.4866965628278305E-03 -2.1872579906159561E-08
    3    1    2    -9.4866965628278305E-03 -2.1872579906159561E-08
    3    2    1     3.3925793345024872E-02  1.1651879311663088E-09
    3    2    2     3.3925793345024872E-02  1.1651879311663088E-09
    3    3    1    -1.2329646542029095E-02 -1.1941463974547475E-08
    3    3    2    -1.2329646542029095E-02 -1.1941463974547475E-08
    3    4    1    -2.3951102655366069E-02  1.3153816726951105E-08
    3    4    2    -2.3951102655366069E-02  1.3153816726951105E-08
    3    5    1     3.4932172420335007E-03 -2.4860488428240584E-08
    3    5    2     3.4932172420335007E-03 -2.4860488428240584E-08
    3    6    1    -4.3468702548420945E-03 -4.3799719992267594E-09
    3    6    2    -4.3468702548420945E-03 -4.3799719992267594E-09
    3    7    1     3.3925810349017455E-02  1.0728561121142982E-08
    3    7    2     3.3925810349017455E-02  1.0728561121142982E-08
    3    8    1    -9.4866674694413702E-03 -8.6585337458352195E-09
    3    8    2    -9.4866674694413702E-03 -8.6585337458352195E-09
    4    1    1    -2.3951111543586198E-02 -9.4951113264861221E-09
    4    1    2    -2.3951111543586198E-02 -9.4951113264861221E-09
    4    2    1    -9.4859286243394736E-03 -2.0303069099481960E-09
    4    2    2    -9.4859286243394736E-03 -2.0303069099481960E-09
    4    3    1    -2.3951103016620241E-02 -5.1282460639420245E-09
    4    3    2    -2.3951103016620241E-02 -5.1282460639420245E-09
    4    4    1    -1.2327657505968141E-02  4.0004263225426161E-09
    4    4    2    -1.2327657505968141E-02  4.0004263225426161E-09
    4    5    1    -9.4859560301373651E-03  1.8305950599028565E-09
    4    5    2    -9.4859560301373651E-03  1.8305950599028565E-09
    4    6    1    -2.2347095158949278E-02 -1.3569296524868805E-08
    4    6    2    -2.2347095158949278E-02 -1.3569296524868805E-08
    4    7    1    -4.3490504749264004E-03 -1.0806265426298268E-08
    4    7    2    -4.3490504749264004E-03 -1.0806265426298268E-08
    4    8    1    -2.2349878077161177E-02 -8.5393087395943090E-09
    4    8    2    -2.2349878077161177E-02 -8.5393087395943090E-09
    5    1    1     1.2242083834103704E-02  2.1719230239261209E-08
    5    1    2     1.2242083834103704E-02  2.1719230239261209E-08
    5    2    1     8.6055385559832678E-02  2.1324896881566276E-09
    5    2    2     8.6055385559832678E-02  2.1324896881566276E-09
    5    3    1     3.4932207458643460E-03  2.0748749631945857E-08
    5    3    2     3.4932207458643460E-03  2.0748749631945857E-08
    5    4    1    -9.4859976681274834E-03  2.0932316139075187E-11
    5    4    2    -9.4859976681274834E-03  2.0932316139075187E-11
    5    5    1    -1.2327607532634267E-02  1.5654653760488496E-08
    5    5    2    -1.2327607532634267E-02  1.5654653760488496E-08
    5    6    1     1.2241972519533999E-02  1.1056887097958280E-08
    5    6    2     1.2241972519533999E-02  1.1056887097958280E-08
    5    7    1     8.6055435904212302E-02 -1.2036672221221387E-08
    5    7    2     8.6055435904212302E-02 -1.2036672221221387E-08
    5    8    1     1.2241968749248124E-02  1.3121583310451101E-08
    5    8    2     1.2241968749248124E-02  1.3121583310451101E-08
    6    1    1    -9.4867018068421419E-03 -1.0194127553433437E-08
    6    1    2    -9.4867018068421419E-03 -1.0194127553433437E-08
    6    2    1     1.2238389949980643E-02 -5.1246330508220364E-09
    6    2    2     1.2238389949980643E-02 -5.1246330508220364E-09
    6    3    1    -4.3468621624293251E-03  2.3031384957142948E-09
    6    3    2    -4.3468621624293251E-03  2.3031384957142948E-09
    6    4    1    -2.2347100273521846E-02  1.6101327907710141E-08
    6    4    2    -2.2347100273521846E-02  1.6101327907710141E-08
    6    5    1     1.2241862010068397E-02 -2.2644680691744576E-09
    6    5    2     1.2241862010068397E-02 -2.2644680691744576E-09
    6    6    1    -1.2329720103651073E-02 -1.4309139833376950E-09
    6    6    2    -1.2329720103651073E-02 -1.4309139833376950E-09
    6    7    1     1.2238285752716602E-02 -1.4939530216893893E-08
    6    7    2     1.2238285752716602E-02 -1.4939530216893893E-08
    6    8    1    -9.4866679006588225E-03 -2.0158984852800087E-09
    6    8    2    -9.4866679006588225E-03 -2.0158984852800087E-09
    7    1    1     2.5016177418691086E-02 -1.8004483212512876E-08
    7    1    2     2.5016177418691086E-02 -1.8004483212512876E-08
    7    2    1    -6.6252033223864470E-03 -8.8571720248037714E-09
    7    2    2    -6.6252033223864470E-03 -8.8571720248037714E-09
    7    3    1     3.3925819966576079E-02 -1.6629615713238525E-08
    7    3    2     3.3925819966576079E-02 -1.6629615713238525E-08
    7    4    1    -4.3490379268126059E-03 -7.4806555456198250E-09
    7    4    2    -4.3490379268126059E-03 -7.4806555456198250E-09
    7    5    1     8.6055418174144999E-02 -1.1682744530755408E-08
    7    5    2     8.6055418174144999E-02 -1.1682744530755408E-08
    7    6    1     1.2238165839072702E-02 -5.5100284345505039E-09
    7    6    2     1.2238165839072702E-02 -5.5100284345505039E-09
    7    7    1    -5.7381298454679090E-03  1.1566695016274199E-08
    7    7    2    -5.7381298454679090E-03  1.1566695016274199E-08
    7    8    1     3.3925740713491498E-02 -1.2906317926597566E-08
    7    8    2     3.3925740713491498E-02 -1.2906317926597566E-08
    8    1    1    -6.6252398785300662E-03  1.3139602051111883E-08
    8    1    2    -6.6252398785300662E-03  1.3139602051111883E-08
    8    2    1     2.5016017626855784E-02  1.1340987447961343E-08
    8    2    2     2.5016017626855784E-02  1.1340987447961343E-08
    8    3    1    -9.4866367768659133E-03  4.7979779187911535E-09
    8    3    2    -9.4866367768659133E-03  4.7979779187911535E-09
    8    4    1    -2.2349852587772764E-02 -2.4954598802333773E-09
    8    4    2    -2.2349852587772764E-02 -2.4954598802333773E-09
    8    5    1     1.2241850272906814E-02  3.8464665637322594E-09
    8    5    2     1.2241850272906814E-02  3.8464665637322594E-09
    8    6    1    -9.4866526620482217E-03  7.2457232858165097E-09
    8    6    2    -9.4866526620482217E-03  7.2457232858165097E-09
    8    7    1     3.3925747900035941E-02  9.4220542713258559E-09
    8    7    2     3.3925747900035941E-02  9.4220542713258559E-09
    8    8    1    -5.7380647324949581E-03  1.2493854512848539E-08
    8    8    2    -5.7380647324949581E-03  1.2493854512848539E-08
      0      0      0
    1    1    1     2.2721936243300245E-01  3.7542967673744307E-08
    1    1    2     2.2721936243300245E-01  3.7542967673744307E-08
    1    2    1     3.3925826392733109E-02  4.0173679596115504E-09
    1    2    2     3.3925826392733109E-02  4.0173679596115504E-09
    1    3    1     8.6045993451573488E-02  2.2358787798388365E-08
    1    3    2     8.6045993451573488E-02  2.2358787798388365E-08
    1    4    1     1.2238424902033238E-02 -2.0984429995821106E-08
    1    4    2     1.2238424902033238E-02 -2.0984429995821106E-08
    1    5    1     3.3925791611844600E-02  1.8512424875547547E-08
    1    5    2     3.3925791611844600E-02  1.8512424875547547E-08
    1    6    1     8.6045821478095835E-02  1.3858989776703145E-08
    1    6    2     8.6045821478095835E-02  1.3858989776703145E-08
    1    7    1     2.5015950776753091E-02  1.5448198982318109E-09
    1    7    2     2.5015950776753091E-02  1.5448198982318109E-09
    1    8    1     8.6045836632647338E-02  1.3661056112716948E-08
    1    8    2     8.6045836632647338E-02  1.3661056112716948E-08
    2    1    1     3.3925827965949049E-02 -1.0098949240804284E-08
    2    1    2     3.3925827965949049E-02 -1.0098949240804284E-08
    2    2    1     2.2719068122061981E-01 -7.5843850240272531E-09
    2    2    2     2.2719068122061981E-01 -7.5843850240272531E-09
    2    3    1     1.2238299343725764E-02 -2.0384159459725941E-09
    2    3    2     1.2238299343725764E-02 -2.0384159459725941E-09
    2    4    1    -6.6251922965872151E-03  5.4454001555113600E-09
    2    4    2    -6.6251922965872151E-03  5.4454001555113600E-09
    2    5    1    -9.4859194809645796E-03  1.0648649664411931E-09
    2    5    2    -9.4859194809645796E-03  1.0648649664411931E-09
    2    6    1     3.3925738186586854E-02 -3.6693968336379799E-10
    2    6    2     3.3925738186586854E-02 -3.6693968336379799E-10
    2    7    1     8.6055295554200190E-02 -1.0160537856413647E-08
    2    7    2     8.6055295554200190E-02 -1.0160537856413647E-08
    2    8    1     2.5016209999414056E-02 -4.4262745388363341E-09
    2    8    2     2.5016209999414056E-02 -4.4262745388363341E-09
    3    1    1     8.6046003248962388E-02  1.9200552791066996E-08
    3    1    2     8.6046003248962388E-02  1.9200552791066996E-08
    3    2    1     1.2238423079272077E-02 -6.2784167849334665E-09
    3    2    2     1.2238423079272077E-02 -6.2784167849334665E-09
    3    3    1     2.2721911250511506E-01  1.5519712221638029E-08
    3    3    2     2.2721911250511506E-01  1.5519712221638029E-08
    3    4    1     3.3925792233160640E-02 -7.8775208345745140E-09
    3    4    2     3.3925792233160640E-02 -7.8775208345745140E-09
    3    5    1     2.5016221479169293E-02  1.9430887379745302E-08
    3    5    2     2.5016221479169293E-02  1.9430887379745302E-08
    3    6    1     8.6045980259059199E-02  7.9435896278962060E-09
    3    6    2     8.6045980259059199E-02  7.9435896278962060E-09
    3    7    1     1.2238538555557336E-02 -1.5585125586165904E-08
    3    7    2     1.2238538555557336E-02 -1.5585125586165904E-08
    3    8    1     8.6045950849216485E-02  6.2411687586961823E-09
    3    8    2     8.6045950849216485E-02  6.2411687586961823E-09
    4    1    1     1.2238297321758147E-02  1.1500520180454014E-08
    4    1    2     1.2238297321758147E-02  1.1500520180454014E-08
    4    2    1    -6.6251828585568787E-03  4.3370852768580773E-09
    4    2    2    -6.6251828585568787E-03  4.3370852768580773E-09
    4    3    1     3.3925792783967353E-02  5.0541300691488137E-09
    4    3    2     3.3925792783967353E-02  5.0541300691488137E-09
    4    4    1     2.2719073287351346E-01 -5.5345289413139517E-09
    4    4    2     2.2719073287351346E-01 -5.5345289413139517E-09
    4    5    1    -9.4859303394340712E-03 -1.2611635410178729E-09
    4    5    2    -9.4859303394340712E-03 -1.2611635410178729E-09
    4    6    1     2.5016247391199963E-02  1.3628502247460268E-08
    4    6    2     2.5016247391199963E-02  1.3628502247460268E-08
    4    7    1    -9.4859247730855953E-03  1.1665464389749831E-08
    4    7    2    -9.4859247730855953E-03  1.1665464389749831E-08
    4    8    1     3.3925866030498304E-02  9.0979996308435530E-09
    4    8    2     3.3925866030498304E-02  9.0979996308435530E-09
    5    1    1     3.3925806765758931E-02 -1.4666501326816199E-08
    5    1    2     3.3925806765758931E-02 -1.4666501326816199E-08
    5    2    1    -9.4859409192121925E-03  3.4225471736286134E-09
    5    2    2    -9.4859409192121925E-03  3.4225471736286134E-09
    5    3    1     2.5016216833873312E-02 -1.6663830029497778E-08
    5    3    2     2.5016216833873312E-02 -1.6663830029497778E-08
    5    4    1    -9.4858889607875585E-03  4.4562771514869946E-10
    5    4    2    -9.4858889607875585E-03  4.4562771514869946E-10
    5    5    1     2.2719028787628437E-01 -1.6210104104697297E-08
    5    5    2     2.2719028787628437E-01 -1.6210104104697297E-08
    5    6    1     1.2238281714214864E-02 -6.9475126019887181E-09
    5    6    2     1.2238281714214864E-02 -6.9475126019887181E-09
    5    7    1    -9.4859684936202913E-03  1.8372227432815046E-08
    5    7    2    -9.4859684936202913E-03  1.8372227432815046E-08
    5    8    1     3.3925799686224063E-02 -5.2876957162058692E-09
    5    8    2     3.3925799686224063E-02 -5.2876957162058692E-09
    6    1    1     8.6045824645526930E-02  2.9993644504847680E-10
    6    1    2     8.6045824645526930E-02  2.9993644504847680E-10
    6    2    1     3.3925741986421766E-02 -8.4771880897904133E-09
    6    2    2     3.3925741986421766E-02 -8.4771880897904133E-09
    6    3    1     8.6045972103966167E-02  1.1059624535354317E-09
    6    3    2     8.6045972103966167E-02  1.1059624535354317E-09
    6    4    1     2.5016247681240712E-02 -6.4481924772394995E-09
    6    4    2     2.5016247681240712E-02 -6.4481924772394995E-09
    6    5    1     1.2238397825705115E-02 -7.2596669536057124E-09
    6    5    2     1.2238397825705115E-02 -7.2596669536057124E-09
    6    6    1     2.2721954716260973E-01  4.7699732714497160E-09
    6    6    2     2.2721954716260973E-01  4.7699732714497160E-09
    6    7    1     3.3925741424387021E-02  9.5670356328308518E-10
    6    7    2     3.3925741424387021E-02  9.5670356328308518E-10
    6    8    1     8.6045613507430757E-02 -8.2499053375331638E-09
    6    8    2     8.6045613507430757E-02 -8.2499053375331638E-09
    7    1    1     2.5015956196250546E-02 -1.4325324565113252E-09
    7    1    2     2.5015956196250546E-02 -1.4325324565113252E-09
    7    2    1     8.6055282056494167E-02 -7.2562857902737431E-09
    7    2    2     8.6055282056494167E-02 -7.2562857902737431E-09
    7    3    1     1.2238424544533767E-02  5.7776265800625159E-09
    7    3    2     1.2238424544533767E-02  5.7776265800625159E-09
    7    4    1    -9.4859521035700195E-03  4.8706591093317553E-09
    7    4    2    -9.4859521035700195E-03  4.8706591093317553E-09
    7    5    1    -9.4859342778997498E-03  1.4367296434379857E-08
    7    5    2    -9.4859342778997498E-03  1.4367296434379857E-08
    7    6    1     3.3925746477327254E-02 -6.0602317754710314E-09
    7    6    2     3.3925746477327254E-02 -6.0602317754710314E-09
    7    7    1     2.2719054171139458E-01 -2.7984435095721394E-08
    7    7    2     2.2719054171139458E-01 -2.7984435095721394E-08
    7    8    1     3.3925836860120823E-02 -6.8447978491338645E-09
    7    8    2     3.3925836860120823E-02 -6.8447978491338645E-09
    8    1    1     8.6045849633264476E-02  3.2145216286169013E-09
    8    1    2     8.6045849633264476E-02  3.2145216286169013E-09
    8    2    1     2.5016201982880126E-02  5.7526993937259596E-09
    8    2    2     2.5016201982880126E-02  5.7526993937259596E-09
    8    3    1     8.6045951673415638E-02 -2.6074340704276703E-09
    8    3    2     8.6045951673415638E-02 -2.6074340704276703E-09
    8    4    1     3.3925886823716077E-02 -3.6125813360459846E-09
    8    4    2     3.3925886823716077E-02 -3.6125813360459846E-09
    8    5    1     3.3925795600416940E-02  2.2451787385491381E-09
    8    5    2     3.3925795600416940E-02  2.2451787385491381E-09
    8    6    1     8.6045621600876490E-02 -5.4941878395345611E-09
    8    6    2     8.6045621600876490E-02 -5.4941878395345611E-09
    8    7    1     3.3925820188071068E-02  6.7436999397657875E-09
    8    7    2     3.3925820188071068E-02  6.7436999397657875E-09
    8    8    1     2.2721949609929079E-01  2.9358755769125353E-09
    8    8    2     2.2721949609929079E-01  2.9358755769125353E-09
