  0.00000000E+00 -0.67693264E+01
  0.28922784E-01 -0.67666923E+01
  0.57845569E-01 -0.67587932E+01
  0.86768353E-01 -0.67456391E+01
  0.11569114E+00 -0.67272464E+01
  0.14461392E+00 -0.67036375E+01
  0.17353671E+00 -0.66748399E+01
  0.20245949E+00 -0.66408851E+01
  0.23138228E+00 -0.66018080E+01
  0.26030506E+00 -0.65576453E+01
  0.28922784E+00 -0.65084343E+01
  0.31815063E+00 -0.64542111E+01
  0.34707341E+00 -0.63950096E+01
  0.37599620E+00 -0.63308594E+01
  0.40491898E+00 -0.62617843E+01
  0.43384177E+00 -0.61878011E+01
  0.46276455E+00 -0.61089180E+01
  0.49168734E+00 -0.60251333E+01
  0.52061012E+00 -0.59364348E+01
  0.54953290E+00 -0.58427985E+01
  0.57845569E+00 -0.57441892E+01
  0.60737847E+00 -0.56405595E+01
  0.63630126E+00 -0.55318512E+01
  0.66522404E+00 -0.54179956E+01
  0.69414683E+00 -0.52989151E+01
  0.72306961E+00 -0.51745251E+01
  0.75199240E+00 -0.50447359E+01
  0.78091518E+00 -0.49094557E+01
  0.80983796E+00 -0.47685934E+01
  0.83876075E+00 -0.46220620E+01
  0.86768353E+00 -0.44697819E+01
  0.89660632E+00 -0.43116850E+01
  0.92552910E+00 -0.41477179E+01
  0.95445189E+00 -0.39778458E+01
  0.98337467E+00 -0.38020564E+01
  0.10122975E+01 -0.36203625E+01
  0.10412202E+01 -0.34328056E+01
  0.10701430E+01 -0.32394583E+01
  0.10990658E+01 -0.30404263E+01
  0.11279886E+01 -0.28358499E+01
  0.11569114E+01 -0.26259050E+01
  0.11861278E+01 -0.26260905E+01
  0.12153442E+01 -0.26266919E+01
  0.12445607E+01 -0.26278507E+01
  0.12737771E+01 -0.26298192E+01
  0.13029935E+01 -0.26329859E+01
  0.13322099E+01 -0.26379120E+01
  0.13614263E+01 -0.26453793E+01
  0.13906428E+01 -0.26564447E+01
  0.14198592E+01 -0.26724961E+01
  0.14490756E+01 -0.26952877E+01
  0.14782920E+01 -0.27269230E+01
  0.15075085E+01 -0.27697348E+01
  0.15367249E+01 -0.28260153E+01
  0.15659413E+01 -0.28975965E+01
  0.15659413E+01 -0.28975926E+01
  0.15951577E+01 -0.29853800E+01
  0.16243742E+01 -0.30890361E+01
  0.16535906E+01 -0.32069891E+01
  0.16828070E+01 -0.33367718E+01
  0.17120234E+01 -0.34755156E+01
  0.17412399E+01 -0.36203926E+01
  0.17704563E+01 -0.37688970E+01
  0.17996727E+01 -0.39189627E+01
  0.18288891E+01 -0.40689692E+01
  0.18581056E+01 -0.42176895E+01
  0.18873220E+01 -0.43642188E+01
  0.19165384E+01 -0.45079027E+01
  0.19457548E+01 -0.46482756E+01
  0.19749713E+01 -0.47850098E+01
  0.20041877E+01 -0.49178765E+01
  0.20334041E+01 -0.50467152E+01
  0.20626205E+01 -0.51714119E+01
  0.20918370E+01 -0.52918824E+01
  0.21210534E+01 -0.54080609E+01
  0.21502698E+01 -0.55198913E+01
  0.21794862E+01 -0.56273223E+01
  0.22087027E+01 -0.57303033E+01
  0.22379191E+01 -0.58287826E+01
  0.22671355E+01 -0.59227061E+01
  0.22963519E+01 -0.60120174E+01
  0.23255683E+01 -0.60966575E+01
  0.23547848E+01 -0.61765655E+01
  0.23840012E+01 -0.62516796E+01
  0.24132176E+01 -0.63219375E+01
  0.24424340E+01 -0.63872777E+01
  0.24716505E+01 -0.64476401E+01
  0.25008669E+01 -0.65029666E+01
  0.25300833E+01 -0.65532024E+01
  0.25592997E+01 -0.65982961E+01
  0.25885162E+01 -0.66382006E+01
  0.26177326E+01 -0.66728734E+01
  0.26469490E+01 -0.67022768E+01
  0.26761654E+01 -0.67263788E+01
  0.27053819E+01 -0.67451527E+01
  0.27345983E+01 -0.67585776E+01
  0.27638147E+01 -0.67666385E+01
  0.27930311E+01 -0.67693264E+01
  0.28216573E+01 -0.67667461E+01
  0.28502834E+01 -0.67590074E+01
  0.28789095E+01 -0.67461181E+01
  0.29075357E+01 -0.67280910E+01
  0.29361618E+01 -0.67049440E+01
  0.29647879E+01 -0.66766995E+01
  0.29934141E+01 -0.66433845E+01
  0.30220402E+01 -0.66050301E+01
  0.30506663E+01 -0.65616715E+01
  0.30792925E+01 -0.65133480E+01
  0.31079186E+01 -0.64601027E+01
  0.31365447E+01 -0.64019834E+01
  0.31651709E+01 -0.63390429E+01
  0.31937970E+01 -0.62713403E+01
  0.32224231E+01 -0.61989429E+01
  0.32510493E+01 -0.61219285E+01
  0.32796754E+01 -0.60403897E+01
  0.33083015E+01 -0.59544383E+01
  0.33369277E+01 -0.58642128E+01
  0.33655538E+01 -0.57698875E+01
  0.33941799E+01 -0.56716853E+01
  0.34228061E+01 -0.55698945E+01
  0.34514322E+01 -0.54648911E+01
  0.34800583E+01 -0.53571699E+01
  0.35086845E+01 -0.52473839E+01
  0.35373106E+01 -0.51363991E+01
  0.35659367E+01 -0.50253644E+01
  0.35945629E+01 -0.49158019E+01
  0.36231890E+01 -0.48097144E+01
  0.36518151E+01 -0.47096989E+01
  0.36804413E+01 -0.46190304E+01
  0.37090674E+01 -0.45416416E+01
  0.37376935E+01 -0.44818787E+01
  0.37663196E+01 -0.44439188E+01
  0.37949458E+01 -0.44308770E+01
  0.38241622E+01 -0.44279300E+01
  0.38533786E+01 -0.44190874E+01
  0.38825951E+01 -0.44043453E+01
  0.39118115E+01 -0.43836973E+01
  0.39410279E+01 -0.43571349E+01
  0.39702443E+01 -0.43246485E+01
  0.39994608E+01 -0.42862276E+01
  0.40286772E+01 -0.42418623E+01
  0.40578936E+01 -0.41915441E+01
  0.40871100E+01 -0.41352673E+01
  0.41163264E+01 -0.40730302E+01
  0.41455429E+01 -0.40048372E+01
  0.41747593E+01 -0.39307002E+01
  0.42039757E+01 -0.38506410E+01
  0.42331921E+01 -0.37646938E+01
  0.42624086E+01 -0.36729078E+01
  0.42916250E+01 -0.35753511E+01
  0.43208414E+01 -0.34721147E+01
  0.43500578E+01 -0.33633184E+01
  0.43792743E+01 -0.32491180E+01
  0.44084907E+01 -0.31297158E+01
  0.44377071E+01 -0.30053748E+01
  0.44669235E+01 -0.28764394E+01
  0.44961400E+01 -0.27433664E+01
  0.45253564E+01 -0.26067752E+01
  0.45545728E+01 -0.24675374E+01
  0.45837892E+01 -0.23270572E+01
  0.46130057E+01 -0.22025897E+01
  0.46419284E+01 -0.22060066E+01
  0.46708512E+01 -0.22160775E+01
  0.46997740E+01 -0.22322887E+01
  0.47286968E+01 -0.22538592E+01
  0.47576196E+01 -0.22798309E+01
  0.47865424E+01 -0.23091597E+01
  0.48154652E+01 -0.23407927E+01
  0.48443879E+01 -0.23737237E+01
  0.48733107E+01 -0.24070270E+01
  0.49022335E+01 -0.24398734E+01
  0.49311563E+01 -0.24715348E+01
  0.49600791E+01 -0.25013809E+01
  0.49890019E+01 -0.25288726E+01
  0.50179246E+01 -0.25535542E+01
  0.50468474E+01 -0.25750457E+01
  0.50757702E+01 -0.25930361E+01
  0.51046930E+01 -0.26072779E+01
  0.51336158E+01 -0.26175827E+01
  0.51625386E+01 -0.26238179E+01
  0.51914614E+01 -0.26259050E+01
  
  0.00000000E+00  0.52099633E+01
  0.28922784E-01  0.51956065E+01
  0.57845569E-01  0.51537195E+01
  0.86768353E-01  0.50875113E+01
  0.11569114E+00  0.50014010E+01
  0.14461392E+00  0.49001377E+01
  0.17353671E+00  0.47881607E+01
  0.20245949E+00  0.46692709E+01
  0.23138228E+00  0.45465409E+01
  0.26030506E+00  0.44223581E+01
  0.28922784E+00  0.42690206E+01
  0.31815063E+00  0.40940045E+01
  0.34707341E+00  0.39090091E+01
  0.37599620E+00  0.37150163E+01
  0.40491898E+00  0.35129229E+01
  0.43384177E+00  0.33035470E+01
  0.46276455E+00  0.30876373E+01
  0.49168734E+00  0.28658822E+01
  0.52061012E+00  0.26389201E+01
  0.54953290E+00  0.24073482E+01
  0.57845569E+00  0.21717311E+01
  0.60737847E+00  0.19326087E+01
  0.63630126E+00  0.16905023E+01
  0.66522404E+00  0.14459200E+01
  0.69414683E+00  0.11993616E+01
  0.72306961E+00  0.95132108E+00
  0.75199240E+00  0.70228919E+00
  0.78091518E+00  0.45275446E+00
  0.80983796E+00  0.20320340E+00
  0.83876075E+00 -0.45880154E-01
  0.86768353E+00 -0.29401642E+00
  0.89660632E+00 -0.54073175E+00
  0.92552910E+00 -0.78556123E+00
  0.95445189E+00 -0.10280517E+01
  0.98337467E+00 -0.12677648E+01
  0.10122975E+01 -0.15042808E+01
  0.10412202E+01 -0.17372015E+01
  0.10701430E+01 -0.19661538E+01
  0.10990658E+01 -0.21907926E+01
  0.11279886E+01 -0.24108036E+01
  0.11569114E+01 -0.26259049E+01
  0.11861278E+01 -0.26212666E+01
  0.12153442E+01 -0.26073661E+01
  0.12445607E+01 -0.25842459E+01
  0.12737771E+01 -0.25519752E+01
  0.13029935E+01 -0.25106494E+01
  0.13322099E+01 -0.24603874E+01
  0.13614263E+01 -0.24013303E+01
  0.13906428E+01 -0.23336391E+01
  0.14198592E+01 -0.22574929E+01
  0.14490756E+01 -0.21730878E+01
  0.14782920E+01 -0.20806357E+01
  0.15075085E+01 -0.19803640E+01
  0.15367249E+01 -0.18725167E+01
  0.15659413E+01 -0.17573547E+01
  0.15659413E+01 -0.17573594E+01
  0.15951577E+01 -0.16351631E+01
  0.16243742E+01 -0.15062341E+01
  0.16535906E+01 -0.13708990E+01
  0.16828070E+01 -0.12295133E+01
  0.17120234E+01 -0.10824670E+01
  0.17412399E+01 -0.93019079E+00
  0.17704563E+01 -0.77316693E+00
  0.17996727E+01 -0.61194218E+00
  0.18288891E+01 -0.44714387E+00
  0.18581056E+01 -0.27948317E+00
  0.18873220E+01 -0.10969183E+00
  0.19165384E+01  0.61714276E-01
  0.19457548E+01  0.23482280E+00
  0.19749713E+01  0.41037909E+00
  0.20041877E+01  0.58916331E+00
  0.20334041E+01  0.77133726E+00
  0.20626205E+01  0.95631538E+00
  0.20918370E+01  0.11430139E+01
  0.21210534E+01  0.13302592E+01
  0.21502698E+01  0.15171804E+01
  0.21794862E+01  0.17033827E+01
  0.22087027E+01  0.18888697E+01
  0.22379191E+01  0.20738818E+01
  0.22671355E+01  0.22587778E+01
  0.22963519E+01  0.24439703E+01
  0.23255683E+01  0.26298884E+01
  0.23547848E+01  0.28169436E+01
  0.23840012E+01  0.30054924E+01
  0.24132176E+01  0.31957879E+01
  0.24424340E+01  0.33879233E+01
  0.24716505E+01  0.35817621E+01
  0.25008669E+01  0.37768540E+01
  0.25300833E+01  0.39723316E+01
  0.25592997E+01  0.41667815E+01
  0.25885162E+01  0.43580822E+01
  0.26177326E+01  0.45432065E+01
  0.26469490E+01  0.47179992E+01
  0.26761654E+01  0.48769821E+01
  0.27053819E+01  0.50133141E+01
  0.27345983E+01  0.51191508E+01
  0.27638147E+01  0.51866927E+01
  0.27930311E+01  0.52099633E+01
  0.28216573E+01  0.51835809E+01
  0.28502834E+01  0.51067476E+01
  0.28789095E+01  0.49855261E+01
  0.29075357E+01  0.48277742E+01
  0.29361618E+01  0.46413363E+01
  0.29647879E+01  0.44330208E+01
  0.29934141E+01  0.42082906E+01
  0.30220402E+01  0.39713506E+01
  0.30506663E+01  0.37253781E+01
  0.30792925E+01  0.34727653E+01
  0.31079186E+01  0.32153273E+01
  0.31365447E+01  0.29544637E+01
  0.31651709E+01  0.26912816E+01
  0.31937970E+01  0.24266873E+01
  0.32224231E+01  0.21614544E+01
  0.32510493E+01  0.18962751E+01
  0.32796754E+01  0.16317991E+01
  0.33083015E+01  0.13686644E+01
  0.33369277E+01  0.11075206E+01
  0.33655538E+01  0.84905026E+00
  0.33941799E+01  0.59398718E+00
  0.34228061E+01  0.34313568E+00
  0.34514322E+01  0.97392324E-01
  0.34800583E+01 -0.14222705E+00
  0.35086845E+01 -0.37455195E+00
  0.35373106E+01 -0.59820981E+00
  0.35659367E+01 -0.81156256E+00
  0.35945629E+01 -0.10126244E+01
  0.36231890E+01 -0.11989618E+01
  0.36518151E+01 -0.13675872E+01
  0.36804413E+01 -0.15148824E+01
  0.37090674E+01 -0.16366250E+01
  0.37376935E+01 -0.17282379E+01
  0.37663196E+01 -0.17853756E+01
  0.37949458E+01 -0.18048210E+01
  0.38241622E+01 -0.18046491E+01
  0.38533786E+01 -0.18040931E+01
  0.38825951E+01 -0.18030337E+01
  0.39118115E+01 -0.18012759E+01
  0.39410279E+01 -0.17985546E+01
  0.39702443E+01 -0.17945433E+01
  0.39994608E+01 -0.17888653E+01
  0.40286772E+01 -0.17811091E+01
  0.40578936E+01 -0.17708477E+01
  0.40871100E+01 -0.17576639E+01
  0.41163264E+01 -0.17411832E+01
  0.41455429E+01 -0.17211163E+01
  0.41747593E+01 -0.16973174E+01
  0.42039757E+01 -0.16698639E+01
  0.42331921E+01 -0.16391696E+01
  0.42624086E+01 -0.16061460E+01
  0.42916250E+01 -0.15724344E+01
  0.43208414E+01 -0.15407182E+01
  0.43500578E+01 -0.15150844E+01
  0.43792743E+01 -0.15012435E+01
  0.44084907E+01 -0.15061279E+01
  0.44377071E+01 -0.15362328E+01
  0.44669235E+01 -0.15949396E+01
  0.44961400E+01 -0.16808292E+01
  0.45253564E+01 -0.17886972E+01
  0.45545728E+01 -0.19120738E+01
  0.45837892E+01 -0.20449352E+01
  0.46130057E+01 -0.21671783E+01
  0.46419284E+01 -0.21708589E+01
  0.46708512E+01 -0.21817089E+01
  0.46997740E+01 -0.21991794E+01
  0.47286968E+01 -0.22224363E+01
  0.47576196E+01 -0.22504553E+01
  0.47865424E+01 -0.22821194E+01
  0.48154652E+01 -0.23163003E+01
  0.48443879E+01 -0.23519175E+01
  0.48733107E+01 -0.23879733E+01
  0.49022335E+01 -0.24235712E+01
  0.49311563E+01 -0.24579200E+01
  0.49600791E+01 -0.24903317E+01
  0.49890019E+01 -0.25202146E+01
  0.50179246E+01 -0.25470661E+01
  0.50468474E+01 -0.25704650E+01
  0.50757702E+01 -0.25900650E+01
  0.51046930E+01 -0.26055894E+01
  0.51336158E+01 -0.26168267E+01
  0.51625386E+01 -0.26236281E+01
  0.51914614E+01 -0.26259049E+01
  
  0.00000000E+00  0.52099634E+01
  0.28922784E-01  0.51956074E+01
  0.57845569E-01  0.51537214E+01
  0.86768353E-01  0.50875142E+01
  0.11569114E+00  0.50014046E+01
  0.14461392E+00  0.49001419E+01
  0.17353671E+00  0.47881654E+01
  0.20245949E+00  0.46692760E+01
  0.23138228E+00  0.45465462E+01
  0.26030506E+00  0.44223635E+01
  0.28922784E+00  0.42985240E+01
  0.31815063E+00  0.41763635E+01
  0.34707341E+00  0.40568256E+01
  0.37599620E+00  0.39405686E+01
  0.40491898E+00  0.38280288E+01
  0.43384177E+00  0.37194761E+01
  0.46276455E+00  0.36150574E+01
  0.49168734E+00  0.35148317E+01
  0.52061012E+00  0.34187974E+01
  0.54953290E+00  0.33269148E+01
  0.57845569E+00  0.32391229E+01
  0.60737847E+00  0.31553531E+01
  0.63630126E+00  0.30755400E+01
  0.66522404E+00  0.29996291E+01
  0.69414683E+00  0.29275820E+01
  0.72306961E+00  0.28593805E+01
  0.75199240E+00  0.27950280E+01
  0.78091518E+00  0.27345502E+01
  0.80983796E+00  0.26779939E+01
  0.83876075E+00  0.26254254E+01
  0.86768353E+00  0.25769270E+01
  0.89660632E+00  0.25325944E+01
  0.92552910E+00  0.24925318E+01
  0.95445189E+00  0.24568483E+01
  0.98337467E+00  0.24256529E+01
  0.10122975E+01  0.23990507E+01
  0.10412202E+01  0.23771386E+01
  0.10701430E+01  0.23600013E+01
  0.10990658E+01  0.23477085E+01
  0.11279886E+01  0.23403116E+01
  0.11569114E+01  0.23378426E+01
  0.11861278E+01  0.23007001E+01
  0.12153442E+01  0.21939103E+01
  0.12445607E+01  0.20293615E+01
  0.12737771E+01  0.18219280E+01
  0.13029935E+01  0.15859635E+01
  0.13322099E+01  0.13337012E+01
  0.13614263E+01  0.10750549E+01
  0.13906428E+01  0.81803181E+00
  0.14198592E+01  0.56927099E+00
  0.14490756E+01  0.33450531E+00
  0.14782920E+01  0.11886892E+00
  0.15075085E+01 -0.72988037E-01
  0.15367249E+01 -0.23700314E+00
  0.15659413E+01 -0.37000354E+00
  0.15659413E+01 -0.37000958E+00
  0.15951577E+01 -0.47009522E+00
  0.16243742E+01 -0.53689150E+00
  0.16535906E+01 -0.57149538E+00
  0.16828070E+01 -0.57609915E+00
  0.17120234E+01 -0.55346524E+00
  0.17412399E+01 -0.50645497E+00
  0.17704563E+01 -0.43771876E+00
  0.17996727E+01 -0.34954734E+00
  0.18288891E+01 -0.24383327E+00
  0.18581056E+01 -0.12210235E+00
  0.18873220E+01  0.14369166E-01
  0.19165384E+01  0.16426542E+00
  0.19457548E+01  0.32580115E+00
  0.19749713E+01  0.49663793E+00
  0.20041877E+01  0.67448965E+00
  0.20334041E+01  0.85776841E+00
  0.20626205E+01  0.10457140E+01
  0.20918370E+01  0.12381506E+01
  0.21210534E+01  0.14350874E+01
  0.21502698E+01  0.16363351E+01
  0.21794862E+01  0.18413402E+01
  0.22087027E+01  0.20492670E+01
  0.22379191E+01  0.22591562E+01
  0.22671355E+01  0.24700342E+01
  0.22963519E+01  0.26809582E+01
  0.23255683E+01  0.28910248E+01
  0.23547848E+01  0.30993634E+01
  0.23840012E+01  0.33051210E+01
  0.24132176E+01  0.35074445E+01
  0.24424340E+01  0.37054555E+01
  0.24716505E+01  0.38982196E+01
  0.25008669E+01  0.40847069E+01
  0.25300833E+01  0.42637416E+01
  0.25592997E+01  0.44339422E+01
  0.25885162E+01  0.45936532E+01
  0.26177326E+01  0.47408771E+01
  0.26469490E+01  0.48732239E+01
  0.26761654E+01  0.49879103E+01
  0.27053819E+01  0.50818533E+01
  0.27345983E+01  0.51519091E+01
  0.27638147E+01  0.51952709E+01
  0.27930311E+01  0.52099634E+01
  0.28216573E+01  0.52039302E+01
  0.28502834E+01  0.51861119E+01
  0.28789095E+01  0.51573111E+01
  0.29075357E+01  0.51187482E+01
  0.29361618E+01  0.50719202E+01
  0.29647879E+01  0.50184557E+01
  0.29934141E+01  0.49599904E+01
  0.30220402E+01  0.48980770E+01
  0.30506663E+01  0.48341268E+01
  0.30792925E+01  0.47693814E+01
  0.31079186E+01  0.47049028E+01
  0.31365447E+01  0.46415781E+01
  0.31651709E+01  0.45801306E+01
  0.31937970E+01  0.45211345E+01
  0.32224231E+01  0.44650317E+01
  0.32510493E+01  0.44121471E+01
  0.32796754E+01  0.43627038E+01
  0.33083015E+01  0.43168375E+01
  0.33369277E+01  0.42746086E+01
  0.33655538E+01  0.42360144E+01
  0.33941799E+01  0.42009995E+01
  0.34228061E+01  0.41694658E+01
  0.34514322E+01  0.41412816E+01
  0.34800583E+01  0.41162895E+01
  0.35086845E+01  0.40943151E+01
  0.35373106E+01  0.40751732E+01
  0.35659367E+01  0.40586754E+01
  0.35945629E+01  0.40446355E+01
  0.36231890E+01  0.40328757E+01
  0.36518151E+01  0.40232312E+01
  0.36804413E+01  0.40155548E+01
  0.37090674E+01  0.40097209E+01
  0.37376935E+01  0.40056282E+01
  0.37663196E+01  0.40032027E+01
  0.37949458E+01  0.40023992E+01
  0.38241622E+01  0.39762372E+01
  0.38533786E+01  0.38998231E+01
  0.38825951E+01  0.37787089E+01
  0.39118115E+01  0.36203816E+01
  0.39410279E+01  0.34327190E+01
  0.39702443E+01  0.32229868E+01
  0.39994608E+01  0.29974107E+01
  0.40286772E+01  0.27611260E+01
  0.40578936E+01  0.25183028E+01
  0.40871100E+01  0.22723277E+01
  0.41163264E+01  0.20259864E+01
  0.41455429E+01  0.17816311E+01
  0.41747593E+01  0.15413358E+01
  0.42039757E+01  0.13070476E+01
  0.42331921E+01  0.10807545E+01
  0.42624086E+01  0.86468545E+00
  0.42916250E+01  0.66157136E+00
  0.43208414E+01  0.47497873E+00
  0.43500578E+01  0.30968585E+00
  0.43792743E+01  0.17191497E+00
  0.44084907E+01  0.68938523E-01
  0.44377071E+01  0.74263249E-02
  0.44669235E+01 -0.92266207E-02
  0.44961400E+01  0.17415012E-01
  0.45253564E+01  0.81837736E-01
  0.45545728E+01  0.17707134E+00
  0.45837892E+01  0.29618420E+00
  0.46130057E+01  0.41133424E+00
  0.46419284E+01  0.42092786E+00
  0.46708512E+01  0.44950338E+00
  0.46997740E+01  0.49646671E+00
  0.47286968E+01  0.56089326E+00
  0.47576196E+01  0.64160284E+00
  0.47865424E+01  0.73722914E+00
  0.48154652E+01  0.84626682E+00
  0.48443879E+01  0.96708752E+00
  0.48733107E+01  0.10979229E+01
  0.49022335E+01  0.12368167E+01
  0.49311563E+01  0.13815493E+01
  0.49600791E+01  0.15295380E+01
  0.49890019E+01  0.16777195E+01
  0.50179246E+01  0.18224275E+01
  0.50468474E+01  0.19592925E+01
  0.50757702E+01  0.20832183E+01
  0.51046930E+01  0.21885214E+01
  0.51336158E+01  0.22693403E+01
  0.51625386E+01  0.23203726E+01
  0.51914614E+01  0.23378426E+01
  
  0.00000000E+00  0.52099635E+01
  0.28922784E-01  0.51993923E+01
  0.57845569E-01  0.51678578E+01
  0.86768353E-01  0.51158837E+01
  0.11569114E+00  0.50442914E+01
  0.14461392E+00  0.49541343E+01
  0.17353671E+00  0.48466228E+01
  0.20245949E+00  0.47230524E+01
  0.23138228E+00  0.45847421E+01
  0.26030506E+00  0.44329860E+01
  0.28922784E+00  0.42985294E+01
  0.31815063E+00  0.41763688E+01
  0.34707341E+00  0.40568308E+01
  0.37599620E+00  0.39405737E+01
  0.40491898E+00  0.38280338E+01
  0.43384177E+00  0.37194809E+01
  0.46276455E+00  0.36150620E+01
  0.49168734E+00  0.35148360E+01
  0.52061012E+00  0.34188016E+01
  0.54953290E+00  0.33269188E+01
  0.57845569E+00  0.32391266E+01
  0.60737847E+00  0.31553567E+01
  0.63630126E+00  0.30755434E+01
  0.66522404E+00  0.29996323E+01
  0.69414683E+00  0.29275851E+01
  0.72306961E+00  0.28593835E+01
  0.75199240E+00  0.27950308E+01
  0.78091518E+00  0.27345529E+01
  0.80983796E+00  0.26779966E+01
  0.83876075E+00  0.26254279E+01
  0.86768353E+00  0.25769294E+01
  0.89660632E+00  0.25325966E+01
  0.92552910E+00  0.24925339E+01
  0.95445189E+00  0.24568502E+01
  0.98337467E+00  0.24256546E+01
  0.10122975E+01  0.23990522E+01
  0.10412202E+01  0.23771398E+01
  0.10701430E+01  0.23600023E+01
  0.10990658E+01  0.23477091E+01
  0.11279886E+01  0.23403120E+01
  0.11569114E+01  0.23378427E+01
  0.11861278E+01  0.23402750E+01
  0.12153442E+01  0.23475630E+01
  0.12445607E+01  0.23596786E+01
  0.12737771E+01  0.23765758E+01
  0.13029935E+01  0.23981901E+01
  0.13322099E+01  0.24244396E+01
  0.13614263E+01  0.24552248E+01
  0.13906428E+01  0.24904293E+01
  0.14198592E+01  0.25299208E+01
  0.14490756E+01  0.25735512E+01
  0.14782920E+01  0.26211577E+01
  0.15075085E+01  0.26725636E+01
  0.15367249E+01  0.27275792E+01
  0.15659413E+01  0.27860027E+01
  0.15659413E+01  0.27860042E+01
  0.15951577E+01  0.28476227E+01
  0.16243742E+01  0.29122132E+01
  0.16535906E+01  0.29795438E+01
  0.16828070E+01  0.30493747E+01
  0.17120234E+01  0.31214591E+01
  0.17412399E+01  0.31955449E+01
  0.17704563E+01  0.32713751E+01
  0.17996727E+01  0.33486894E+01
  0.18288891E+01  0.34272253E+01
  0.18581056E+01  0.35067186E+01
  0.18873220E+01  0.35869053E+01
  0.19165384E+01  0.36675218E+01
  0.19457548E+01  0.37483064E+01
  0.19749713E+01  0.38290002E+01
  0.20041877E+01  0.39093475E+01
  0.20334041E+01  0.39890973E+01
  0.20626205E+01  0.40680034E+01
  0.20918370E+01  0.41458256E+01
  0.21210534E+01  0.42223303E+01
  0.21502698E+01  0.42972908E+01
  0.21794862E+01  0.43704881E+01
  0.22087027E+01  0.44417114E+01
  0.22379191E+01  0.45107582E+01
  0.22671355E+01  0.45774350E+01
  0.22963519E+01  0.46415576E+01
  0.23255683E+01  0.47029512E+01
  0.23547848E+01  0.47614505E+01
  0.23840012E+01  0.48169002E+01
  0.24132176E+01  0.48691549E+01
  0.24424340E+01  0.49180793E+01
  0.24716505E+01  0.49635482E+01
  0.25008669E+01  0.50054464E+01
  0.25300833E+01  0.50436692E+01
  0.25592997E+01  0.50781217E+01
  0.25885162E+01  0.51087192E+01
  0.26177326E+01  0.51353873E+01
  0.26469490E+01  0.51580613E+01
  0.26761654E+01  0.51766870E+01
  0.27053819E+01  0.51912196E+01
  0.27345983E+01  0.52016247E+01
  0.27638147E+01  0.52078775E+01
  0.27930311E+01  0.52099635E+01
  0.28216573E+01  0.52039311E+01
  0.28502834E+01  0.51861138E+01
  0.28789095E+01  0.51573138E+01
  0.29075357E+01  0.51187518E+01
  0.29361618E+01  0.50719245E+01
  0.29647879E+01  0.50184605E+01
  0.29934141E+01  0.49599958E+01
  0.30220402E+01  0.48980828E+01
  0.30506663E+01  0.48341329E+01
  0.30792925E+01  0.47693877E+01
  0.31079186E+01  0.47049093E+01
  0.31365447E+01  0.46415848E+01
  0.31651709E+01  0.45801373E+01
  0.31937970E+01  0.45211413E+01
  0.32224231E+01  0.44650385E+01
  0.32510493E+01  0.44121537E+01
  0.32796754E+01  0.43627104E+01
  0.33083015E+01  0.43168438E+01
  0.33369277E+01  0.42746147E+01
  0.33655538E+01  0.42360203E+01
  0.33941799E+01  0.42010052E+01
  0.34228061E+01  0.41694712E+01
  0.34514322E+01  0.41412867E+01
  0.34800583E+01  0.41162943E+01
  0.35086845E+01  0.40943195E+01
  0.35373106E+01  0.40751772E+01
  0.35659367E+01  0.40586790E+01
  0.35945629E+01  0.40446387E+01
  0.36231890E+01  0.40328785E+01
  0.36518151E+01  0.40232335E+01
  0.36804413E+01  0.40155567E+01
  0.37090674E+01  0.40097223E+01
  0.37376935E+01  0.40056291E+01
  0.37663196E+01  0.40032031E+01
  0.37949458E+01  0.40023992E+01
  0.38241622E+01  0.39976767E+01
  0.38533786E+01  0.39834447E+01
  0.38825951E+01  0.39595147E+01
  0.39118115E+01  0.39255906E+01
  0.39410279E+01  0.38812947E+01
  0.39702443E+01  0.38262023E+01
  0.39994608E+01  0.37598821E+01
  0.40286772E+01  0.36819404E+01
  0.40578936E+01  0.35920661E+01
  0.40871100E+01  0.34900724E+01
  0.41163264E+01  0.33759330E+01
  0.41455429E+01  0.32498103E+01
  0.41747593E+01  0.31120724E+01
  0.42039757E+01  0.29633008E+01
  0.42331921E+01  0.28042873E+01
  0.42624086E+01  0.26360216E+01
  0.42916250E+01  0.24596732E+01
  0.43208414E+01  0.22765682E+01
  0.43500578E+01  0.20881647E+01
  0.43792743E+01  0.18960289E+01
  0.44084907E+01  0.17018155E+01
  0.44377071E+01  0.15072525E+01
  0.44669235E+01  0.13141376E+01
  0.44961400E+01  0.11243477E+01
  0.45253564E+01  0.93987612E+00
  0.45545728E+01  0.76293764E+00
  0.45837892E+01  0.59645387E+00
  0.46130057E+01  0.46578752E+00
  0.46419284E+01  0.47524729E+00
  0.46708512E+01  0.50341330E+00
  0.46997740E+01  0.54966977E+00
  0.47286968E+01  0.61306084E+00
  0.47576196E+01  0.69237107E+00
  0.47865424E+01  0.78620057E+00
  0.48154652E+01  0.89301662E+00
  0.48443879E+01  0.10111731E+01
  0.48733107E+01  0.11388963E+01
  0.49022335E+01  0.12742392E+01
  0.49311563E+01  0.14150086E+01
  0.49600791E+01  0.15586702E+01
  0.49890019E+01  0.17022366E+01
  0.50179246E+01  0.18421538E+01
  0.50468474E+01  0.19742127E+01
  0.50757702E+01  0.20935360E+01
  0.51046930E+01  0.21947226E+01
  0.51336158E+01  0.22722415E+01
  0.51625386E+01  0.23211219E+01
  0.51914614E+01  0.23378427E+01
  
  0.00000000E+00  0.88155752E+01
  0.28922784E-01  0.88128436E+01
  0.57845569E-01  0.88046504E+01
  0.86768353E-01  0.87910020E+01
  0.11569114E+00  0.87719073E+01
  0.14461392E+00  0.87473771E+01
  0.17353671E+00  0.87174255E+01
  0.20245949E+00  0.86820737E+01
  0.23138228E+00  0.86413549E+01
  0.26030506E+00  0.85953218E+01
  0.28922784E+00  0.85440536E+01
  0.31815063E+00  0.84876636E+01
  0.34707341E+00  0.84263064E+01
  0.37599620E+00  0.83601847E+01
  0.40491898E+00  0.82895551E+01
  0.43384177E+00  0.82147332E+01
  0.46276455E+00  0.81360968E+01
  0.49168734E+00  0.80540893E+01
  0.52061012E+00  0.79692197E+01
  0.54953290E+00  0.78820630E+01
  0.57845569E+00  0.77932578E+01
  0.60737847E+00  0.77035029E+01
  0.63630126E+00  0.76135522E+01
  0.66522404E+00  0.75242077E+01
  0.69414683E+00  0.74363121E+01
  0.72306961E+00  0.73507387E+01
  0.75199240E+00  0.72683812E+01
  0.78091518E+00  0.71901424E+01
  0.80983796E+00  0.71169214E+01
  0.83876075E+00  0.70496011E+01
  0.86768353E+00  0.69890353E+01
  0.89660632E+00  0.69360349E+01
  0.92552910E+00  0.68913555E+01
  0.95445189E+00  0.68556843E+01
  0.98337467E+00  0.68296290E+01
  0.10122975E+01  0.68137060E+01
  0.10412202E+01  0.68083312E+01
  0.10701430E+01  0.68138112E+01
  0.10990658E+01  0.68303366E+01
  0.11279886E+01  0.68579761E+01
  0.11569114E+01  0.68966736E+01
  0.11861278E+01  0.69038269E+01
  0.12153442E+01  0.69251991E+01
  0.12445607E+01  0.69605281E+01
  0.12737771E+01  0.70093770E+01
  0.13029935E+01  0.70711365E+01
  0.13322099E+01  0.71450259E+01
  0.13614263E+01  0.72300963E+01
  0.13906428E+01  0.73252356E+01
  0.14198592E+01  0.74291741E+01
  0.14490756E+01  0.75404937E+01
  0.14782920E+01  0.76576393E+01
  0.15075085E+01  0.77789343E+01
  0.15367249E+01  0.79026002E+01
  0.15659413E+01  0.80267815E+01
  0.15659413E+01  0.80267784E+01
  0.15951577E+01  0.81495740E+01
  0.16243742E+01  0.82690754E+01
  0.16535906E+01  0.83834124E+01
  0.16828070E+01  0.84908068E+01
  0.17120234E+01  0.85896331E+01
  0.17412399E+01  0.86784831E+01
  0.17704563E+01  0.87562322E+01
  0.17996727E+01  0.88221002E+01
  0.18288891E+01  0.88757000E+01
  0.18581056E+01  0.89170676E+01
  0.18873220E+01  0.89466677E+01
  0.19165384E+01  0.89653708E+01
  0.19457548E+01  0.89744041E+01
  0.19749713E+01  0.89752801E+01
  0.20041877E+01  0.89697103E+01
  0.20334041E+01  0.89595127E+01
  0.20626205E+01  0.89465213E+01
  0.20918370E+01  0.89325032E+01
  0.21210534E+01  0.89190881E+01
  0.21502698E+01  0.89077111E+01
  0.21794862E+01  0.88995712E+01
  0.22087027E+01  0.88956028E+01
  0.22379191E+01  0.88964611E+01
  0.22671355E+01  0.89025188E+01
  0.22963519E+01  0.89138731E+01
  0.23255683E+01  0.89303612E+01
  0.23547848E+01  0.89515811E+01
  0.23840012E+01  0.89769160E+01
  0.24132176E+01  0.90055574E+01
  0.24424340E+01  0.90365209E+01
  0.24716505E+01  0.90686452E+01
  0.25008669E+01  0.91005563E+01
  0.25300833E+01  0.91305529E+01
  0.25592997E+01  0.90663461E+01
  0.25885162E+01  0.90072355E+01
  0.26177326E+01  0.89561640E+01
  0.26469490E+01  0.89130710E+01
  0.26761654E+01  0.88778998E+01
  0.27053819E+01  0.88506005E+01
  0.27345983E+01  0.88311318E+01
  0.27638147E+01  0.88194632E+01
  0.27930311E+01  0.88155752E+01
  0.28216573E+01  0.88256255E+01
  0.28502834E+01  0.88554635E+01
  0.28789095E+01  0.89041899E+01
  0.29075357E+01  0.89704237E+01
  0.29361618E+01  0.90524453E+01
  0.29647879E+01  0.91157106E+01
  0.29934141E+01  0.90942990E+01
  0.30220402E+01  0.90563702E+01
  0.30506663E+01  0.90076243E+01
  0.30792925E+01  0.89512245E+01
  0.31079186E+01  0.88891646E+01
  0.31365447E+01  0.88228850E+01
  0.31651709E+01  0.87535418E+01
  0.31937970E+01  0.86821294E+01
  0.32224231E+01  0.86095360E+01
  0.32510493E+01  0.85365699E+01
  0.32796754E+01  0.84639708E+01
  0.33083015E+01  0.83924141E+01
  0.33369277E+01  0.83225131E+01
  0.33655538E+01  0.82548188E+01
  0.33941799E+01  0.81898218E+01
  0.34228061E+01  0.81279528E+01
  0.34514322E+01  0.80695853E+01
  0.34800583E+01  0.80150386E+01
  0.35086845E+01  0.79645816E+01
  0.35373106E+01  0.79184374E+01
  0.35659367E+01  0.78767876E+01
  0.35945629E+01  0.78397779E+01
  0.36231890E+01  0.78075229E+01
  0.36518151E+01  0.77801107E+01
  0.36804413E+01  0.77576074E+01
  0.37090674E+01  0.77400617E+01
  0.37376935E+01  0.77275074E+01
  0.37663196E+01  0.77199667E+01
  0.37949458E+01  0.77174523E+01
  0.38241622E+01  0.77352925E+01
  0.38533786E+01  0.77867602E+01
  0.38825951E+01  0.78663820E+01
  0.39118115E+01  0.79668662E+01
  0.39410279E+01  0.80807290E+01
  0.39702443E+01  0.82013881E+01
  0.39994608E+01  0.83236642E+01
  0.40286772E+01  0.84438746E+01
  0.40578936E+01  0.85597048E+01
  0.40871100E+01  0.86699828E+01
  0.41163264E+01  0.87744241E+01
  0.41455429E+01  0.88733854E+01
  0.41747593E+01  0.89676480E+01
  0.42039757E+01  0.90582410E+01
  0.42331921E+01  0.91463045E+01
  0.42624086E+01  0.92329911E+01
  0.42916250E+01  0.93193974E+01
  0.43208414E+01  0.94065186E+01
  0.43500578E+01  0.94952201E+01
  0.43792743E+01  0.95862207E+01
  0.44084907E+01  0.96800821E+01
  0.44377071E+01  0.97772042E+01
  0.44669235E+01  0.98778210E+01
  0.44961400E+01  0.99819982E+01
  0.45253564E+01  0.10089625E+02
  0.45545728E+01  0.10200384E+02
  0.45837892E+01  0.10313522E+02
  0.46130057E+01  0.10412929E+02
  0.46419284E+01  0.10388444E+02
  0.46708512E+01  0.10316382E+02
  0.46997740E+01  0.10200581E+02
  0.47286968E+01  0.10046524E+02
  0.47576196E+01  0.98604272E+01
  0.47865424E+01  0.96485565E+01
  0.48154652E+01  0.94168410E+01
  0.48443879E+01  0.91707478E+01
  0.48733107E+01  0.89153162E+01
  0.49022335E+01  0.86552751E+01
  0.49311563E+01  0.83951953E+01
  0.49600791E+01  0.81396539E+01
  0.49890019E+01  0.78933979E+01
  0.50179246E+01  0.76614944E+01
  0.50468474E+01  0.74494433E+01
  0.50757702E+01  0.72632037E+01
  0.51046930E+01  0.71090582E+01
  0.51336158E+01  0.69932224E+01
  0.51625386E+01  0.69211560E+01
  0.51914614E+01  0.68966736E+01
  
  0.00000000E+00  0.88155756E+01
  0.28922784E-01  0.88387074E+01
  0.57845569E-01  0.89068352E+01
  0.86768353E-01  0.90164941E+01
  0.11569114E+00  0.91628426E+01
  0.14461392E+00  0.93405494E+01
  0.17353671E+00  0.94968049E+01
  0.20245949E+00  0.95022343E+01
  0.23138228E+00  0.95042763E+01
  0.26030506E+00  0.95017252E+01
  0.28922784E+00  0.94934806E+01
  0.31815063E+00  0.94785766E+01
  0.34707341E+00  0.94562005E+01
  0.37599620E+00  0.94257040E+01
  0.40491898E+00  0.93866083E+01
  0.43384177E+00  0.93386047E+01
  0.46276455E+00  0.92815530E+01
  0.49168734E+00  0.92154771E+01
  0.52061012E+00  0.91405590E+01
  0.54953290E+00  0.90571314E+01
  0.57845569E+00  0.89656692E+01
  0.60737847E+00  0.88667796E+01
  0.63630126E+00  0.87611907E+01
  0.66522404E+00  0.86497399E+01
  0.69414683E+00  0.85333605E+01
  0.72306961E+00  0.84130672E+01
  0.75199240E+00  0.82899420E+01
  0.78091518E+00  0.81651175E+01
  0.80983796E+00  0.80397617E+01
  0.83876075E+00  0.79150608E+01
  0.86768353E+00  0.77922030E+01
  0.89660632E+00  0.76723619E+01
  0.92552910E+00  0.75566805E+01
  0.95445189E+00  0.74462555E+01
  0.98337467E+00  0.73421230E+01
  0.10122975E+01  0.72452445E+01
  0.10412202E+01  0.71564949E+01
  0.10701430E+01  0.70766511E+01
  0.10990658E+01  0.70063831E+01
  0.11279886E+01  0.69462458E+01
  0.11569114E+01  0.68966740E+01
  0.11861278E+01  0.69400235E+01
  0.12153442E+01  0.70654069E+01
  0.12445607E+01  0.72608657E+01
  0.12737771E+01  0.75114277E+01
  0.13029935E+01  0.78026434E+01
  0.13322099E+01  0.81222289E+01
  0.13614263E+01  0.84603193E+01
  0.13906428E+01  0.88091208E+01
  0.14198592E+01  0.91624377E+01
  0.14490756E+01  0.95152580E+01
  0.14782920E+01  0.98634416E+01
  0.15075085E+01  0.10203500E+02
  0.15367249E+01  0.10532444E+02
  0.15659413E+01  0.10847682E+02
  0.15659413E+01  0.10847679E+02
  0.15951577E+01  0.11146951E+02
  0.16243742E+01  0.11428280E+02
  0.16535906E+01  0.11689945E+02
  0.16828070E+01  0.11930461E+02
  0.17120234E+01  0.12148567E+02
  0.17412399E+01  0.12343217E+02
  0.17704563E+01  0.12513579E+02
  0.17996727E+01  0.12659024E+02
  0.18288891E+01  0.12779131E+02
  0.18581056E+01  0.12774050E+02
  0.18873220E+01  0.12555567E+02
  0.19165384E+01  0.12338849E+02
  0.19457548E+01  0.12124669E+02
  0.19749713E+01  0.11913757E+02
  0.20041877E+01  0.11706794E+02
  0.20334041E+01  0.11504414E+02
  0.20626205E+01  0.11307197E+02
  0.20918370E+01  0.11115672E+02
  0.21210534E+01  0.10930314E+02
  0.21502698E+01  0.10751547E+02
  0.21794862E+01  0.10579740E+02
  0.22087027E+01  0.10415213E+02
  0.22379191E+01  0.10258235E+02
  0.22671355E+01  0.10109030E+02
  0.22963519E+01  0.99677766E+01
  0.23255683E+01  0.98346123E+01
  0.23547848E+01  0.97096370E+01
  0.23840012E+01  0.95929165E+01
  0.24132176E+01  0.94844864E+01
  0.24424340E+01  0.93843563E+01
  0.24716505E+01  0.92925138E+01
  0.25008669E+01  0.92089288E+01
  0.25300833E+01  0.91335574E+01
  0.25592997E+01  0.91563163E+01
  0.25885162E+01  0.91741926E+01
  0.26177326E+01  0.91774831E+01
  0.26469490E+01  0.91533755E+01
  0.26761654E+01  0.90710682E+01
  0.27053819E+01  0.89636452E+01
  0.27345983E+01  0.88826686E+01
  0.27638147E+01  0.88325489E+01
  0.27930311E+01  0.88155756E+01
  0.28216573E+01  0.88256267E+01
  0.28502834E+01  0.88554656E+01
  0.28789095E+01  0.89041927E+01
  0.29075357E+01  0.89704273E+01
  0.29361618E+01  0.90524495E+01
  0.29647879E+01  0.91483428E+01
  0.29934141E+01  0.92561386E+01
  0.30220402E+01  0.93738831E+01
  0.30506663E+01  0.94997152E+01
  0.30792925E+01  0.96318952E+01
  0.31079186E+01  0.97688181E+01
  0.31365447E+01  0.99090135E+01
  0.31651709E+01  0.10051139E+02
  0.31937970E+01  0.10193972E+02
  0.32224231E+01  0.10336393E+02
  0.32510493E+01  0.10477385E+02
  0.32796754E+01  0.10616014E+02
  0.33083015E+01  0.10751426E+02
  0.33369277E+01  0.10882841E+02
  0.33655538E+01  0.11009542E+02
  0.33941799E+01  0.11130876E+02
  0.34228061E+01  0.11246245E+02
  0.34514322E+01  0.11355108E+02
  0.34800583E+01  0.11456970E+02
  0.35086845E+01  0.11551389E+02
  0.35373106E+01  0.11637965E+02
  0.35659367E+01  0.11716345E+02
  0.35945629E+01  0.11786215E+02
  0.36231890E+01  0.11847306E+02
  0.36518151E+01  0.11899383E+02
  0.36804413E+01  0.11942253E+02
  0.37090674E+01  0.11975758E+02
  0.37376935E+01  0.11999777E+02
  0.37663196E+01  0.12014222E+02
  0.37949458E+01  0.12019043E+02
  0.38241622E+01  0.12017700E+02
  0.38533786E+01  0.12013705E+02
  0.38825951E+01  0.12007145E+02
  0.39118115E+01  0.11998151E+02
  0.39410279E+01  0.11986857E+02
  0.39702443E+01  0.11973367E+02
  0.39994608E+01  0.11957712E+02
  0.40286772E+01  0.11939797E+02
  0.40578936E+01  0.11919371E+02
  0.40871100E+01  0.11895992E+02
  0.41163264E+01  0.11869027E+02
  0.41455429E+01  0.11837666E+02
  0.41747593E+01  0.11800974E+02
  0.42039757E+01  0.11757967E+02
  0.42331921E+01  0.11707719E+02
  0.42624086E+01  0.11649461E+02
  0.42916250E+01  0.11582688E+02
  0.43208414E+01  0.11507220E+02
  0.43500578E+01  0.11423233E+02
  0.43792743E+01  0.11331246E+02
  0.44084907E+01  0.11232064E+02
  0.44377071E+01  0.11126716E+02
  0.44669235E+01  0.11016369E+02
  0.44961400E+01  0.10902261E+02
  0.45253564E+01  0.10785646E+02
  0.45545728E+01  0.10667774E+02
  0.45837892E+01  0.10550086E+02
  0.46130057E+01  0.10449116E+02
  0.46419284E+01  0.10424784E+02
  0.46708512E+01  0.10353127E+02
  0.46997740E+01  0.10237845E+02
  0.47286968E+01  0.10084241E+02
  0.47576196E+01  0.98983578E+01
  0.47865424E+01  0.96863210E+01
  0.48154652E+01  0.94539603E+01
  0.48443879E+01  0.92066821E+01
  0.48733107E+01  0.89494975E+01
  0.49022335E+01  0.86871348E+01
  0.49311563E+01  0.84241893E+01
  0.49600791E+01  0.81652881E+01
  0.49890019E+01  0.79152577E+01
  0.50179246E+01  0.76792821E+01
  0.50468474E+01  0.74630252E+01
  0.50757702E+01  0.72726691E+01
  0.51046930E+01  0.71147818E+01
  0.51336158E+01  0.69959119E+01
  0.51625386E+01  0.69218525E+01
  0.51914614E+01  0.68966740E+01
  
  0.00000000E+00  0.88155759E+01
  0.28922784E-01  0.88387089E+01
  0.57845569E-01  0.89068379E+01
  0.86768353E-01  0.90164978E+01
  0.11569114E+00  0.91628472E+01
  0.14461392E+00  0.93405547E+01
  0.17353671E+00  0.95444417E+01
  0.20245949E+00  0.97698450E+01
  0.23138228E+00  0.10012686E+02
  0.26030506E+00  0.10269464E+02
  0.28922784E+00  0.10537167E+02
  0.31815063E+00  0.10813181E+02
  0.34707341E+00  0.11095206E+02
  0.37599620E+00  0.11381190E+02
  0.40491898E+00  0.11669277E+02
  0.43384177E+00  0.11957770E+02
  0.46276455E+00  0.12245107E+02
  0.49168734E+00  0.12529838E+02
  0.52061012E+00  0.12810617E+02
  0.54953290E+00  0.13086190E+02
  0.57845569E+00  0.13355391E+02
  0.60737847E+00  0.13617139E+02
  0.63630126E+00  0.13870433E+02
  0.66522404E+00  0.14114353E+02
  0.69414683E+00  0.14348056E+02
  0.72306961E+00  0.14570773E+02
  0.75199240E+00  0.14781812E+02
  0.78091518E+00  0.14980548E+02
  0.80983796E+00  0.15166428E+02
  0.83876075E+00  0.15338960E+02
  0.86768353E+00  0.15497714E+02
  0.89660632E+00  0.15642318E+02
  0.92552910E+00  0.15772452E+02
  0.95445189E+00  0.15887843E+02
  0.98337467E+00  0.15988264E+02
  0.10122975E+01  0.16073528E+02
  0.10412202E+01  0.16143482E+02
  0.10701430E+01  0.16198008E+02
  0.10990658E+01  0.16237017E+02
  0.11279886E+01  0.16260446E+02
  0.11569114E+01  0.16268259E+02
  0.11861278E+01  0.16260422E+02
  0.12153442E+01  0.16236953E+02
  0.12445607E+01  0.16197983E+02
  0.12737771E+01  0.16143726E+02
  0.13029935E+01  0.16074481E+02
  0.13322099E+01  0.15990624E+02
  0.13614263E+01  0.15892613E+02
  0.13906428E+01  0.15780977E+02
  0.14198592E+01  0.15656315E+02
  0.14490756E+01  0.15519290E+02
  0.14782920E+01  0.15370624E+02
  0.15075085E+01  0.15211092E+02
  0.15367249E+01  0.15041514E+02
  0.15659413E+01  0.14862751E+02
  0.15659413E+01  0.14862760E+02
  0.15951577E+01  0.14675707E+02
  0.16243742E+01  0.14481285E+02
  0.16535906E+01  0.14280431E+02
  0.16828070E+01  0.14074097E+02
  0.17120234E+01  0.13863239E+02
  0.17412399E+01  0.13648811E+02
  0.17704563E+01  0.13431758E+02
  0.17996727E+01  0.13213012E+02
  0.18288891E+01  0.12993482E+02
  0.18581056E+01  0.12873679E+02
  0.18873220E+01  0.12942642E+02
  0.19165384E+01  0.12986193E+02
  0.19457548E+01  0.13004690E+02
  0.19749713E+01  0.12998671E+02
  0.20041877E+01  0.12968850E+02
  0.20334041E+01  0.12916101E+02
  0.20626205E+01  0.12841451E+02
  0.20918370E+01  0.12746069E+02
  0.21210534E+01  0.12631252E+02
  0.21502698E+01  0.12498416E+02
  0.21794862E+01  0.12349082E+02
  0.22087027E+01  0.12184863E+02
  0.22379191E+01  0.12007454E+02
  0.22671355E+01  0.11818611E+02
  0.22963519E+01  0.11620147E+02
  0.23255683E+01  0.11413918E+02
  0.23547848E+01  0.11201811E+02
  0.23840012E+01  0.10985746E+02
  0.24132176E+01  0.10767672E+02
  0.24424340E+01  0.10549574E+02
  0.24716505E+01  0.10333487E+02
  0.25008669E+01  0.10121524E+02
  0.25300833E+01  0.99159034E+01
  0.25592997E+01  0.97190071E+01
  0.25885162E+01  0.95334393E+01
  0.26177326E+01  0.93621301E+01
  0.26469490E+01  0.92088218E+01
  0.26761654E+01  0.90943038E+01
  0.27053819E+01  0.89981392E+01
  0.27345983E+01  0.89045204E+01
  0.27638147E+01  0.88389271E+01
  0.27930311E+01  0.88155759E+01
  0.28216573E+01  0.88378736E+01
  0.28502834E+01  0.88997391E+01
  0.28789095E+01  0.89850645E+01
  0.29075357E+01  0.90650865E+01
  0.29361618E+01  0.91101854E+01
  0.29647879E+01  0.91483475E+01
  0.29934141E+01  0.92561437E+01
  0.30220402E+01  0.93738885E+01
  0.30506663E+01  0.94997208E+01
  0.30792925E+01  0.96319011E+01
  0.31079186E+01  0.97688241E+01
  0.31365447E+01  0.99090196E+01
  0.31651709E+01  0.10051145E+02
  0.31937970E+01  0.10193978E+02
  0.32224231E+01  0.10336399E+02
  0.32510493E+01  0.10477391E+02
  0.32796754E+01  0.10616020E+02
  0.33083015E+01  0.10751432E+02
  0.33369277E+01  0.10882846E+02
  0.33655538E+01  0.11009547E+02
  0.33941799E+01  0.11130881E+02
  0.34228061E+01  0.11246250E+02
  0.34514322E+01  0.11355112E+02
  0.34800583E+01  0.11456974E+02
  0.35086845E+01  0.11551393E+02
  0.35373106E+01  0.11637969E+02
  0.35659367E+01  0.11716348E+02
  0.35945629E+01  0.11786218E+02
  0.36231890E+01  0.11847308E+02
  0.36518151E+01  0.11899385E+02
  0.36804413E+01  0.11942255E+02
  0.37090674E+01  0.11975760E+02
  0.37376935E+01  0.11999778E+02
  0.37663196E+01  0.12014223E+02
  0.37949458E+01  0.12019043E+02
  0.38241622E+01  0.12027994E+02
  0.38533786E+01  0.12054816E+02
  0.38825951E+01  0.12099391E+02
  0.39118115E+01  0.12161460E+02
  0.39410279E+01  0.12240545E+02
  0.39702443E+01  0.12335867E+02
  0.39994608E+01  0.12446271E+02
  0.40286772E+01  0.12570203E+02
  0.40578936E+01  0.12705720E+02
  0.40871100E+01  0.12850559E+02
  0.41163264E+01  0.13002230E+02
  0.41455429E+01  0.13158135E+02
  0.41747593E+01  0.13315677E+02
  0.42039757E+01  0.13472359E+02
  0.42331921E+01  0.13625857E+02
  0.42624086E+01  0.13774074E+02
  0.42916250E+01  0.13915166E+02
  0.43208414E+01  0.14047563E+02
  0.43500578E+01  0.14169970E+02
  0.43792743E+01  0.14281363E+02
  0.44084907E+01  0.14380980E+02
  0.44377071E+01  0.14468307E+02
  0.44669235E+01  0.14543056E+02
  0.44961400E+01  0.14605124E+02
  0.45253564E+01  0.14654522E+02
  0.45545728E+01  0.14691180E+02
  0.45837892E+01  0.14714488E+02
  0.46130057E+01  0.14722717E+02
  0.46419284E+01  0.14737991E+02
  0.46708512E+01  0.14782528E+02
  0.46997740E+01  0.14852808E+02
  0.47286968E+01  0.14943881E+02
  0.47576196E+01  0.15050285E+02
  0.47865424E+01  0.15166736E+02
  0.48154652E+01  0.15288529E+02
  0.48443879E+01  0.15411680E+02
  0.48733107E+01  0.15532921E+02
  0.49022335E+01  0.15649620E+02
  0.49311563E+01  0.15759682E+02
  0.49600791E+01  0.15861450E+02
  0.49890019E+01  0.15953619E+02
  0.50179246E+01  0.16035170E+02
  0.50468474E+01  0.16105307E+02
  0.50757702E+01  0.16163422E+02
  0.51046930E+01  0.16209055E+02
  0.51336158E+01  0.16241874E+02
  0.51625386E+01  0.16261652E+02
  0.51914614E+01  0.16268259E+02
  
  0.00000000E+00  0.94604420E+01
  0.28922784E-01  0.94619407E+01
  0.57845569E-01  0.94662533E+01
  0.86768353E-01  0.94728414E+01
  0.11569114E+00  0.94808649E+01
  0.14461392E+00  0.94892566E+01
  0.17353671E+00  0.95444475E+01
  0.20245949E+00  0.97698511E+01
  0.23138228E+00  0.10012692E+02
  0.26030506E+00  0.10269470E+02
  0.28922784E+00  0.10537173E+02
  0.31815063E+00  0.10813187E+02
  0.34707341E+00  0.11095212E+02
  0.37599620E+00  0.11381196E+02
  0.40491898E+00  0.11669282E+02
  0.43384177E+00  0.11957775E+02
  0.46276455E+00  0.12245111E+02
  0.49168734E+00  0.12529842E+02
  0.52061012E+00  0.12810621E+02
  0.54953290E+00  0.13086194E+02
  0.57845569E+00  0.13355395E+02
  0.60737847E+00  0.13617142E+02
  0.63630126E+00  0.13870437E+02
  0.66522404E+00  0.14114356E+02
  0.69414683E+00  0.14348059E+02
  0.72306961E+00  0.14570776E+02
  0.75199240E+00  0.14781815E+02
  0.78091518E+00  0.14980552E+02
  0.80983796E+00  0.15166431E+02
  0.83876075E+00  0.15338963E+02
  0.86768353E+00  0.15497717E+02
  0.89660632E+00  0.15642321E+02
  0.92552910E+00  0.15772455E+02
  0.95445189E+00  0.15887846E+02
  0.98337467E+00  0.15988267E+02
  0.10122975E+01  0.16073530E+02
  0.10412202E+01  0.16143484E+02
  0.10701430E+01  0.16198009E+02
  0.10990658E+01  0.16237017E+02
  0.11279886E+01  0.16260446E+02
  0.11569114E+01  0.16268260E+02
  0.11861278E+01  0.16262860E+02
  0.12153442E+01  0.16246707E+02
  0.12445607E+01  0.16219929E+02
  0.12737771E+01  0.16182743E+02
  0.13029935E+01  0.16135453E+02
  0.13322099E+01  0.16078452E+02
  0.13614263E+01  0.16012223E+02
  0.13906428E+01  0.15937335E+02
  0.14198592E+01  0.15854450E+02
  0.14490756E+01  0.15764316E+02
  0.14782920E+01  0.15667766E+02
  0.15075085E+01  0.15565715E+02
  0.15367249E+01  0.15459145E+02
  0.15659413E+01  0.15349100E+02
  0.15659413E+01  0.15349103E+02
  0.15951577E+01  0.15236665E+02
  0.16243742E+01  0.15122932E+02
  0.16535906E+01  0.15008986E+02
  0.16828070E+01  0.14895851E+02
  0.17120234E+01  0.14784447E+02
  0.17412399E+01  0.14675537E+02
  0.17704563E+01  0.14569670E+02
  0.17996727E+01  0.14467133E+02
  0.18288891E+01  0.14367905E+02
  0.18581056E+01  0.14271636E+02
  0.18873220E+01  0.14177641E+02
  0.19165384E+01  0.14084921E+02
  0.19457548E+01  0.13992215E+02
  0.19749713E+01  0.13898059E+02
  0.20041877E+01  0.13800869E+02
  0.20334041E+01  0.13699021E+02
  0.20626205E+01  0.13590930E+02
  0.20918370E+01  0.13475117E+02
  0.21210534E+01  0.13350265E+02
  0.21502698E+01  0.13215260E+02
  0.21794862E+01  0.13069221E+02
  0.22087027E+01  0.12911517E+02
  0.22379191E+01  0.12741782E+02
  0.22671355E+01  0.12559917E+02
  0.22963519E+01  0.12366094E+02
  0.23255683E+01  0.12160759E+02
  0.23547848E+01  0.11944637E+02
  0.23840012E+01  0.11718737E+02
  0.24132176E+01  0.11484371E+02
  0.24424340E+01  0.11243193E+02
  0.24716505E+01  0.10997253E+02
  0.25008669E+01  0.10749111E+02
  0.25300833E+01  0.10502047E+02
  0.25592997E+01  0.10260463E+02
  0.25885162E+01  0.10030746E+02
  0.26177326E+01  0.98231202E+01
  0.26469490E+01  0.96544826E+01
  0.26761654E+01  0.95442231E+01
  0.27053819E+01  0.94905523E+01
  0.27345983E+01  0.94694442E+01
  0.27638147E+01  0.94621506E+01
  0.27930311E+01  0.94604420E+01
  0.28216573E+01  0.94621307E+01
  0.28502834E+01  0.94699126E+01
  0.28789095E+01  0.94938368E+01
  0.29075357E+01  0.95548141E+01
  0.29361618E+01  0.96746273E+01
  0.29647879E+01  0.98511280E+01
  0.29934141E+01  0.10066228E+02
  0.30220402E+01  0.10305315E+02
  0.30506663E+01  0.10559526E+02
  0.30792925E+01  0.10823323E+02
  0.31079186E+01  0.11092914E+02
  0.31365447E+01  0.11365481E+02
  0.31651709E+01  0.11638784E+02
  0.31937970E+01  0.11910953E+02
  0.32224231E+01  0.12180360E+02
  0.32510493E+01  0.12445552E+02
  0.32796754E+01  0.12705200E+02
  0.33083015E+01  0.12958067E+02
  0.33369277E+01  0.13202998E+02
  0.33655538E+01  0.13438899E+02
  0.33941799E+01  0.13664736E+02
  0.34228061E+01  0.13879530E+02
  0.34514322E+01  0.14082357E+02
  0.34800583E+01  0.14272346E+02
  0.35086845E+01  0.14448682E+02
  0.35373106E+01  0.14610609E+02
  0.35659367E+01  0.14757430E+02
  0.35945629E+01  0.14888513E+02
  0.36231890E+01  0.15003293E+02
  0.36518151E+01  0.15101272E+02
  0.36804413E+01  0.15182025E+02
  0.37090674E+01  0.15245202E+02
  0.37376935E+01  0.15290526E+02
  0.37663196E+01  0.15317799E+02
  0.37949458E+01  0.15326904E+02
  0.38241622E+01  0.15322986E+02
  0.38533786E+01  0.15311314E+02
  0.38825951E+01  0.15292139E+02
  0.39118115E+01  0.15265876E+02
  0.39410279E+01  0.15233111E+02
  0.39702443E+01  0.15194605E+02
  0.39994608E+01  0.15151287E+02
  0.40286772E+01  0.15104257E+02
  0.40578936E+01  0.15054772E+02
  0.40871100E+01  0.15004226E+02
  0.41163264E+01  0.14954115E+02
  0.41455429E+01  0.14905985E+02
  0.41747593E+01  0.14861351E+02
  0.42039757E+01  0.14821615E+02
  0.42331921E+01  0.14787952E+02
  0.42624086E+01  0.14761213E+02
  0.42916250E+01  0.14741838E+02
  0.43208414E+01  0.14729807E+02
  0.43500578E+01  0.14724636E+02
  0.43792743E+01  0.14725414E+02
  0.44084907E+01  0.14730881E+02
  0.44377071E+01  0.14739528E+02
  0.44669235E+01  0.14749707E+02
  0.44961400E+01  0.14759750E+02
  0.45253564E+01  0.14768116E+02
  0.45545728E+01  0.14773633E+02
  0.45837892E+01  0.14776001E+02
  0.46130057E+01  0.14776394E+02
  0.46419284E+01  0.14791118E+02
  0.46708512E+01  0.14834061E+02
  0.46997740E+01  0.14901855E+02
  0.47286968E+01  0.14989754E+02
  0.47576196E+01  0.15092498E+02
  0.47865424E+01  0.15204983E+02
  0.48154652E+01  0.15322652E+02
  0.48443879E+01  0.15441637E+02
  0.48733107E+01  0.15558766E+02
  0.49022335E+01  0.15671485E+02
  0.49311563E+01  0.15777762E+02
  0.49600791E+01  0.15875997E+02
  0.49890019E+01  0.15964935E+02
  0.50179246E+01  0.16043596E+02
  0.50468474E+01  0.16111226E+02
  0.50757702E+01  0.16167245E+02
  0.51046930E+01  0.16211221E+02
  0.51336158E+01  0.16242841E+02
  0.51625386E+01  0.16261895E+02
  0.51914614E+01  0.16268260E+02
  
