# energy grid [eV]     JDOS [1/eV]
# Co_t2g  Co_eg
                   0.000000000                   0.000000000
                   0.025041736                   0.000000000
                   0.050083472                   0.000000000
                   0.075125209                   0.000000000
                   0.100166945                   0.000000000
                   0.125208681                   0.000000000
                   0.150250417                   0.000000000
                   0.175292154                   0.000000000
                   0.200333890                   0.000000000
                   0.225375626                   0.000000000
                   0.250417362                   0.000000000
                   0.275459098                   0.000000000
                   0.300500835                   0.000000000
                   0.325542571                   0.000000000
                   0.350584307                   0.000000000
                   0.375626043                   0.000000000
                   0.400667780                   0.000000000
                   0.425709516                   0.000000000
                   0.450751252                   0.000000000
                   0.475792988                   0.000000000
                   0.500834725                   0.000000000
                   0.525876461                   0.000000000
                   0.550918197                   0.000000000
                   0.575959933                   0.000000000
                   0.601001669                   0.000000000
                   0.626043406                   0.000000000
                   0.651085142                   0.000000000
                   0.676126878                   0.000000000
                   0.701168614                   0.000000000
                   0.726210351                   0.000000000
                   0.751252087                   0.000000000
                   0.776293823                   0.000000000
                   0.801335559                   0.000000000
                   0.826377295                   0.000000000
                   0.851419032                   0.000000000
                   0.876460768                   0.000000000
                   0.901502504                   0.000000000
                   0.926544240                   0.000000000
                   0.951585977                   0.000000000
                   0.976627713                   0.000000000
                   1.001669449                   0.000000000
                   1.026711185                   0.000000000
                   1.051752922                   0.000000000
                   1.076794658                   0.000000000
                   1.101836394                   0.000000000
                   1.126878130                   0.000000000
                   1.151919866                   0.000000000
                   1.176961603                   0.000000000
                   1.202003339                   0.000000000
                   1.227045075                   0.000000000
                   1.252086811                   0.000000000
                   1.277128548                   0.000000000
                   1.302170284                   0.000000000
                   1.327212020                   0.000000000
                   1.352253756                   0.000000000
                   1.377295492                   0.000000000
                   1.402337229                   0.000000000
                   1.427378965                   0.000000000
                   1.452420701                   0.000000000
                   1.477462437                   0.000000000
                   1.502504174                   0.000000000
                   1.527545910                   0.000000000
                   1.552587646                   0.000000000
                   1.577629382                   0.000000000
                   1.602671119                   0.000000000
                   1.627712855                   0.000000000
                   1.652754591                   0.000000000
                   1.677796327                   0.000000000
                   1.702838063                   0.000000000
                   1.727879800                   0.000000000
                   1.752921536                   0.000000000
                   1.777963272                   0.000000000
                   1.803005008                   0.000000000
                   1.828046745                   0.000000000
                   1.853088481                   0.000000000
                   1.878130217                   0.000000000
                   1.903171953                   0.000000000
                   1.928213689                   0.000000000
                   1.953255426                   0.000000000
                   1.978297162                   0.000000000
                   2.003338898                   0.000000000
                   2.028380634                   0.000000000
                   2.053422371                   0.000000000
                   2.078464107                   0.000000000
                   2.103505843                   0.000000000
                   2.128547579                   0.000000000
                   2.153589316                   0.000000000
                   2.178631052                   0.000000000
                   2.203672788                   0.000000000
                   2.228714524                   0.000000000
                   2.253756260                   0.000000000
                   2.278797997                   0.000000000
                   2.303839733                   0.000000000
                   2.328881469                   0.000000000
                   2.353923205                   0.000000000
                   2.378964942                   0.000000000
                   2.404006678                   0.000000000
                   2.429048414                   0.000000000
                   2.454090150                   0.000000000
                   2.479131886                   0.000000000
                   2.504173623                   0.000000000
                   2.529215359                   0.000000000
                   2.554257095                   0.000000000
                   2.579298831                   0.000000000
                   2.604340568                   0.000000000
                   2.629382304                   0.000000000
                   2.654424040                   0.000000000
                   2.679465776                   0.000000000
                   2.704507513                   0.000000000
                   2.729549249                   0.000000000
                   2.754590985                   0.000000000
                   2.779632721                   0.000000000
                   2.804674457                   0.000000000
                   2.829716194                   0.000000000
                   2.854757930                   0.000000000
                   2.879799666                   0.000000000
                   2.904841402                   0.000000000
                   2.929883139                   0.000000000
                   2.954924875                   0.000000000
                   2.979966611                   0.000000000
                   3.005008347                   0.000000000
                   3.030050083                   0.000000000
                   3.055091820                   0.000000000
                   3.080133556                   0.000000000
                   3.105175292                   0.000000000
                   3.130217028                   0.000000000
                   3.155258765                   0.000000000
                   3.180300501                   0.000000000
                   3.205342237                   0.000000000
                   3.230383973                   0.000000001
                   3.255425710                   0.000000002
                   3.280467446                   0.000000004
                   3.305509182                   0.000000010
                   3.330550918                   0.000000023
                   3.355592654                   0.000000052
                   3.380634391                   0.000000116
                   3.405676127                   0.000000249
                   3.430717863                   0.000000517
                   3.455759599                   0.000001041
                   3.480801336                   0.000002033
                   3.505843072                   0.000003849
                   3.530884808                   0.000007065
                   3.555926544                   0.000012573
                   3.580968280                   0.000021693
                   3.606010017                   0.000036289
                   3.631051753                   0.000058856
                   3.656093489                   0.000092551
                   3.681135225                   0.000141111
                   3.706176962                   0.000208609
                   3.731218698                   0.000299034
                   3.756260434                   0.000415662
                   3.781302170                   0.000560307
                   3.806343907                   0.000732524
                   3.831385643                   0.000928951
                   3.856427379                   0.001142969
                   3.881469115                   0.001364859
                   3.906510851                   0.001582566
                   3.931552588                   0.001783047
                   3.956594324                   0.001954078
                   3.981636060                   0.002086192
                   4.006677796                   0.002174410
                   4.031719533                   0.002219341
                   4.056761269                   0.002227401
                   4.081803005                   0.002209996
                   4.106844741                   0.002181791
                   4.131886477                   0.002158373
                   4.156928214                   0.002153761
                   4.181969950                   0.002178289
                   4.207011686                   0.002237270
                   4.232053422                   0.002330721
                   4.257095159                   0.002454136
                   4.282136895                   0.002600075
                   4.307178631                   0.002760134
                   4.332220367                   0.002926770
                   4.357262104                   0.003094509
                   4.382303840                   0.003260263
                   4.407345576                   0.003422712
                   4.432387312                   0.003581004
                   4.457429048                   0.003733247
                   4.482470785                   0.003875303
                   4.507512521                   0.004000371
                   4.532554257                   0.004099565
                   4.557595993                   0.004163454
                   4.582637730                   0.004184193
                   4.607679466                   0.004157718
                   4.632721202                   0.004085414
                   4.657762938                   0.003974804
                   4.682804674                   0.003839027
                   4.707846411                   0.003695173
                   4.732888147                   0.003561800
                   4.757929883                   0.003456108
                   4.782971619                   0.003391303
                   4.808013356                   0.003374587
                   4.833055092                   0.003406063
                   4.858096828                   0.003478686
                   4.883138564                   0.003579188
                   4.908180301                   0.003689811
                   4.933222037                   0.003790597
                   4.958263773                   0.003861957
                   4.983305509                   0.003887220
                   5.008347245                   0.003854902
                   5.033388982                   0.003760446
                   5.058430718                   0.003607247
                   5.083472454                   0.003406840
                   5.108514190                   0.003178202
                   5.133555927                   0.002946212
                   5.158597663                   0.002739367
                   5.183639399                   0.002586934
                   5.208681135                   0.002515742
                   5.233722871                   0.002546874
                   5.258764608                   0.002692584
                   5.283806344                   0.002953783
                   5.308848080                   0.003318522
                   5.333889816                   0.003761841
                   5.358931553                   0.004247289
                   5.383973289                   0.004730174
                   5.409015025                   0.005162327
                   5.434056761                   0.005497802
                   5.459098497                   0.005698678
                   5.484140234                   0.005739977
                   5.509181970                   0.005612818
                   5.534223706                   0.005325208
                   5.559265442                   0.004900350
                   5.584307179                   0.004372831
                   5.609348915                   0.003783459
                   5.634390651                   0.003173755
                   5.659432387                   0.002581047
                   5.684474124                   0.002034905
                   5.709515860                   0.001555287
                   5.734557596                   0.001152364
                   5.759599332                   0.000827711
                   5.784641068                   0.000576335
                   5.809682805                   0.000389024
                   5.834724541                   0.000254555
                   5.859766277                   0.000161469
                   5.884808013                   0.000099288
                   5.909849750                   0.000059184
                   5.934891486                   0.000034199
                   5.959933222                   0.000019157
                   5.984974958                   0.000010402
                   6.010016694                   0.000005475
                   6.035058431                   0.000002794
                   6.060100167                   0.000001382
                   6.085141903                   0.000000663
                   6.110183639                   0.000000308
                   6.135225376                   0.000000139
                   6.160267112                   0.000000061
                   6.185308848                   0.000000026
                   6.210350584                   0.000000012
                   6.235392321                   0.000000009
                   6.260434057                   0.000000012
                   6.285475793                   0.000000022
                   6.310517529                   0.000000046
                   6.335559265                   0.000000094
                   6.360601002                   0.000000186
                   6.385642738                   0.000000358
                   6.410684474                   0.000000665
                   6.435726210                   0.000001198
                   6.460767947                   0.000002093
                   6.485809683                   0.000003543
                   6.510851419                   0.000005815
                   6.535893155                   0.000009250
                   6.560934891                   0.000014267
                   6.585976628                   0.000021338
                   6.611018364                   0.000030954
                   6.636060100                   0.000043571
                   6.661101836                   0.000059542
                   6.686143573                   0.000079058
                   6.711185309                   0.000102107
                   6.736227045                   0.000128480
                   6.761268781                   0.000157853
                   6.786310518                   0.000189934
                   6.811352254                   0.000224687
                   6.836393990                   0.000262583
                   6.861435726                   0.000304826
                   6.886477462                   0.000353478
                   6.911519199                   0.000411400
                   6.936560935                   0.000481966
                   6.961602671                   0.000568522
                   6.986644407                   0.000673645
                   7.011686144                   0.000798300
                   7.036727880                   0.000941070
                   7.061769616                   0.001097630
                   7.086811352                   0.001260639
                   7.111853088                   0.001420173
                   7.136894825                   0.001564688
                   7.161936561                   0.001682434
                   7.186978297                   0.001763103
                   7.212020033                   0.001799443
                   7.237061770                   0.001788557
                   7.262103506                   0.001732653
                   7.287145242                   0.001639129
                   7.312186978                   0.001519974
                   7.337228715                   0.001390609
                   7.362270451                   0.001268335
                   7.387312187                   0.001170613
                   7.412353923                   0.001113343
                   7.437395659                   0.001109291
                   7.462437396                   0.001166743
                   7.487479132                   0.001288467
                   7.512520868                   0.001471052
                   7.537562604                   0.001704745
                   7.562604341                   0.001973873
                   7.587646077                   0.002257982
                   7.612687813                   0.002533657
                   7.637729549                   0.002776936
                   7.662771285                   0.002966006
                   7.687813022                   0.003083802
                   7.712854758                   0.003120052
                   7.737896494                   0.003072376
                   7.762938230                   0.002946251
                   7.787979967                   0.002753821
                   7.813021703                   0.002511838
                   7.838063439                   0.002239141
                   7.863105175                   0.001954164
                   7.888146912                   0.001672910
                   7.913188648                   0.001407665
                   7.938230384                   0.001166534
                   7.963272120                   0.000953697
                   7.988313856                   0.000770160
                   8.013355593                   0.000614714
                   8.038397329                   0.000484879
                   8.063439065                   0.000377658
                   8.088480801                   0.000290028
                   8.113522538                   0.000219207
                   8.138564274                   0.000162721
                   8.163606010                   0.000118387
                   8.188647746                   0.000084252
                   8.213689482                   0.000058548
                   8.238731219                   0.000039667
                   8.263772955                   0.000026169
                   8.288814691                   0.000016794
                   8.313856427                   0.000010475
                   8.338898164                   0.000006346
                   8.363939900                   0.000003732
                   8.388981636                   0.000002130
                   8.414023372                   0.000001179
                   8.439065109                   0.000000634
                   8.464106845                   0.000000331
                   8.489148581                   0.000000169
                   8.514190317                   0.000000088
                   8.539232053                   0.000000054
                   8.564273790                   0.000000053
                   8.589315526                   0.000000084
                   8.614357262                   0.000000165
                   8.639398998                   0.000000333
                   8.664440735                   0.000000662
                   8.689482471                   0.000001277
                   8.714524207                   0.000002391
                   8.739565943                   0.000004337
                   8.764607679                   0.000007625
                   8.789649416                   0.000012992
                   8.814691152                   0.000021453
                   8.839732888                   0.000034330
                   8.864774624                   0.000053241
                   8.889816361                   0.000080020
                   8.914858097                   0.000116557
                   8.939899833                   0.000164535
                   8.964941569                   0.000225094
                   8.989983306                   0.000298436
                   9.015025042                   0.000383461
                   9.040066778                   0.000477502
                   9.065108514                   0.000576251
                   9.090150250                   0.000673957
                   9.115191987                   0.000763900
                   9.140233723                   0.000839124
                   9.165275459                   0.000893313
                   9.190317195                   0.000921667
                   9.215358932                   0.000921611
                   9.240400668                   0.000893195
                   9.265442404                   0.000839098
                   9.290484140                   0.000764253
                   9.315525876                   0.000675153
                   9.340567613                   0.000579003
                   9.365609349                   0.000482868
                   9.390651085                   0.000392974
                   9.415692821                   0.000314242
                   9.440734558                   0.000250101
                   9.465776294                   0.000202529
                   9.490818030                   0.000172257
                   9.515859766                   0.000159048
                   9.540901503                   0.000161961
                   9.565943239                   0.000179563
                   9.590984975                   0.000210091
                   9.616026711                   0.000251555
                   9.641068447                   0.000301854
                   9.666110184                   0.000358902
                   9.691151920                   0.000420805
                   9.716193656                   0.000486028
                   9.741235392                   0.000553534
                   9.766277129                   0.000622813
                   9.791318865                   0.000693762
                   9.816360601                   0.000766404
                   9.841402337                   0.000840497
                   9.866444073                   0.000915125
                   9.891485810                   0.000988402
                   9.916527546                   0.001057401
                   9.941569282                   0.001118398
                   9.966611018                   0.001167399
                   9.991652755                   0.001200873
                  10.016694491                   0.001216500
                  10.041736227                   0.001213760
                  10.066777963                   0.001194173
                  10.091819699                   0.001161114
                  10.116861436                   0.001119207
                  10.141903172                   0.001073443
                  10.166944908                   0.001028208
                  10.191986644                   0.000986463
                  10.217028381                   0.000949256
                  10.242070117                   0.000915679
                  10.267111853                   0.000883251
                  10.292153589                   0.000848634
                  10.317195326                   0.000808482
                  10.342237062                   0.000760238
                  10.367278798                   0.000702705
                  10.392320534                   0.000636282
                  10.417362270                   0.000562855
                  10.442404007                   0.000485415
                  10.467445743                   0.000407501
                  10.492487479                   0.000332625
                  10.517529215                   0.000263780
                  10.542570952                   0.000203112
                  10.567612688                   0.000151796
                  10.592654424                   0.000110075
                  10.617696160                   0.000077434
                  10.642737896                   0.000052835
                  10.667779633                   0.000034964
                  10.692821369                   0.000022440
                  10.717863105                   0.000013967
                  10.742904841                   0.000008432
                  10.767946578                   0.000004941
                  10.792988314                   0.000002817
                  10.818030050                   0.000001573
                  10.843071786                   0.000000880
                  10.868113523                   0.000000524
                  10.893155259                   0.000000374
                  10.918196995                   0.000000357
                  10.943238731                   0.000000435
                  10.968280467                   0.000000594
                  10.993322204                   0.000000830
                  11.018363940                   0.000001143
                  11.043405676                   0.000001535
                  11.068447412                   0.000002001
                  11.093489149                   0.000002530
                  11.118530885                   0.000003100
                  11.143572621                   0.000003682
                  11.168614357                   0.000004238
                  11.193656093                   0.000004728
                  11.218697830                   0.000005111
                  11.243739566                   0.000005355
                  11.268781302                   0.000005439
                  11.293823038                   0.000005356
                  11.318864775                   0.000005114
                  11.343906511                   0.000004740
                  11.368948247                   0.000004269
                  11.393989983                   0.000003746
                  11.419031720                   0.000003220
                  11.444073456                   0.000002738
                  11.469115192                   0.000002342
                  11.494156928                   0.000002069
                  11.519198664                   0.000001948
                  11.544240401                   0.000001998
                  11.569282137                   0.000002235
                  11.594323873                   0.000002662
                  11.619365609                   0.000003274
                  11.644407346                   0.000004054
                  11.669449082                   0.000004973
                  11.694490818                   0.000005988
                  11.719532554                   0.000007043
                  11.744574290                   0.000008071
                  11.769616027                   0.000009005
                  11.794657763                   0.000009774
                  11.819699499                   0.000010320
                  11.844741235                   0.000010598
                  11.869782972                   0.000010588
                  11.894824708                   0.000010290
                  11.919866444                   0.000009727
                  11.944908180                   0.000008946
                  11.969949917                   0.000008003
                  11.994991653                   0.000006964
                  12.020033389                   0.000005894
                  12.045075125                   0.000004852
                  12.070116861                   0.000003884
                  12.095158598                   0.000003023
                  12.120200334                   0.000002287
                  12.145242070                   0.000001682
                  12.170283806                   0.000001202
                  12.195325543                   0.000000835
                  12.220367279                   0.000000563
                  12.245409015                   0.000000369
                  12.270450751                   0.000000235
                  12.295492487                   0.000000145
                  12.320534224                   0.000000087
                  12.345575960                   0.000000051
                  12.370617696                   0.000000029
                  12.395659432                   0.000000016
                  12.420701169                   0.000000008
                  12.445742905                   0.000000004
                  12.470784641                   0.000000002
                  12.495826377                   0.000000001
                  12.520868114                   0.000000000
                  12.545909850                   0.000000000
                  12.570951586                   0.000000000
                  12.595993322                   0.000000000
                  12.621035058                   0.000000000
                  12.646076795                   0.000000000
                  12.671118531                   0.000000000
                  12.696160267                   0.000000000
                  12.721202003                   0.000000000
                  12.746243740                   0.000000000
                  12.771285476                   0.000000000
                  12.796327212                   0.000000000
                  12.821368948                   0.000000000
                  12.846410684                   0.000000000
                  12.871452421                   0.000000000
                  12.896494157                   0.000000000
                  12.921535893                   0.000000000
                  12.946577629                   0.000000000
                  12.971619366                   0.000000000
                  12.996661102                   0.000000000
                  13.021702838                   0.000000000
                  13.046744574                   0.000000000
                  13.071786311                   0.000000000
                  13.096828047                   0.000000000
                  13.121869783                   0.000000000
                  13.146911519                   0.000000001
                  13.171953255                   0.000000001
                  13.196994992                   0.000000002
                  13.222036728                   0.000000004
                  13.247078464                   0.000000007
                  13.272120200                   0.000000012
                  13.297161937                   0.000000020
                  13.322203673                   0.000000034
                  13.347245409                   0.000000054
                  13.372287145                   0.000000084
                  13.397328881                   0.000000127
                  13.422370618                   0.000000187
                  13.447412354                   0.000000264
                  13.472454090                   0.000000364
                  13.497495826                   0.000000484
                  13.522537563                   0.000000626
                  13.547579299                   0.000000783
                  13.572621035                   0.000000951
                  13.597662771                   0.000001119
                  13.622704508                   0.000001278
                  13.647746244                   0.000001416
                  13.672787980                   0.000001522
                  13.697829716                   0.000001589
                  13.722871452                   0.000001614
                  13.747913189                   0.000001595
                  13.772954925                   0.000001541
                  13.797996661                   0.000001460
                  13.823038397                   0.000001366
                  13.848080134                   0.000001276
                  13.873121870                   0.000001204
                  13.898163606                   0.000001165
                  13.923205342                   0.000001172
                  13.948247078                   0.000001232
                  13.973288815                   0.000001350
                  13.998330551                   0.000001524
                  14.023372287                   0.000001750
                  14.048414023                   0.000002018
                  14.073455760                   0.000002317
                  14.098497496                   0.000002632
                  14.123539232                   0.000002946
                  14.148580968                   0.000003241
                  14.173622705                   0.000003503
                  14.198664441                   0.000003715
                  14.223706177                   0.000003863
                  14.248747913                   0.000003939
                  14.273789649                   0.000003935
                  14.298831386                   0.000003852
                  14.323873122                   0.000003692
                  14.348914858                   0.000003465
                  14.373956594                   0.000003182
                  14.398998331                   0.000002860
                  14.424040067                   0.000002517
                  14.449081803                   0.000002170
                  14.474123539                   0.000001838
                  14.499165275                   0.000001536
                  14.524207012                   0.000001278
                  14.549248748                   0.000001075
                  14.574290484                   0.000000935
                  14.599332220                   0.000000862
                  14.624373957                   0.000000860
                  14.649415693                   0.000000929
                  14.674457429                   0.000001064
                  14.699499165                   0.000001257
                  14.724540902                   0.000001497
                  14.749582638                   0.000001767
                  14.774624374                   0.000002048
                  14.799666110                   0.000002315
                  14.824707846                   0.000002546
                  14.849749583                   0.000002720
                  14.874791319                   0.000002820
                  14.899833055                   0.000002836
                  14.924874791                   0.000002765
                  14.949916528                   0.000002615
                  14.974958264                   0.000002398
                  15.000000000                   0.000002132
