    0.0000   -0.1745
    0.0194   -0.1683
    0.0389   -0.1496
    0.0583   -0.1187
    0.0778   -0.0760
    0.0972   -0.0219
    0.1166    0.0183
    0.1361    0.0612
    0.1555    0.1093
    0.1750    0.1621
    0.1944    0.2190
    0.2138    0.2794
    0.2333    0.3426
    0.2527    0.4079
    0.2722    0.4576
    0.2916    0.3941
    0.3111    0.3304
    0.3305    0.2674
    0.3499    0.2057
    0.3694    0.1460
    0.3888    0.0890
    0.4083    0.0354
    0.4277   -0.0144
    0.4471   -0.0597
    0.4666   -0.1000
    0.4860   -0.1349
    0.5055   -0.1640
    0.5249   -0.1870
    0.5443   -0.2036
    0.5638   -0.2136
    0.5832   -0.2170
    0.6084   -0.2119
    0.6336   -0.1966
    0.6587   -0.1716
    0.6839   -0.1375
    0.7091   -0.0950
    0.7343   -0.0452
    0.7595    0.0106
    0.7846    0.0711
    0.8098    0.1346
    0.8350    0.1993
    0.8602    0.2635
    0.8853    0.3251
    0.9105    0.3818
    0.9357    0.4317
    0.9609    0.4725
    0.9860    0.5024
    1.0112    0.5049
    1.0364    0.4256
    1.0616    0.3419
    1.0867    0.2586
    1.1119    0.1774
    1.1371    0.0999
    1.1623    0.0277
    1.1874   -0.0379
    1.2126   -0.0958
    1.2378   -0.1447
    1.2630   -0.1837
    1.2881   -0.2121
    1.3133   -0.2294
    1.3385   -0.2352
    1.3610   -0.2317
    1.3836   -0.2212
    1.4061   -0.2040
    1.4286   -0.1807
    1.4512   -0.1522
    1.4737   -0.1194
    1.4962   -0.0834
    1.5188   -0.0455
    1.5413   -0.0073
    1.5638    0.0301
    1.5864    0.0653
    1.6089    0.0973
    1.6314    0.1250
    1.6540    0.1477
    1.6765    0.1646
    1.6990    0.1750
    1.7216    0.1779
    1.7441    0.1726
    1.7666    0.1586
    1.7892    0.1362
    1.8117    0.1067
    1.8343    0.0724
    1.8568    0.0358
    1.8793   -0.0005
    1.9019   -0.0343
    1.9244   -0.0641
    1.9469   -0.0885
    1.9695   -0.1065
    1.9920   -0.1176
    2.0145   -0.1213
    2.0397   -0.1183
    2.0649   -0.1095
    2.0901   -0.0952
    2.1152   -0.0763
    2.1404   -0.0538
    2.1656   -0.0289
    2.1908   -0.0032
    2.2159    0.0220
    2.2411    0.0449
    2.2663    0.0643
    2.2915    0.0791
    2.3166    0.0885
    2.3418    0.0923
    2.3670    0.0908
    2.3922    0.0842
    2.4173    0.0732
    2.4425    0.0586
    2.4677    0.0412
    2.4929    0.0217
    2.5180    0.0007
    2.5432   -0.0209
    2.5684   -0.0428
    2.5936   -0.0643
    2.6187   -0.0851
    2.6439   -0.1051
    2.6691   -0.1245
    2.6943   -0.1431
    2.7194   -0.1593
    2.7446   -0.1705
    2.7698   -0.1745

    0.0000   -0.1060
    0.0194   -0.1024
    0.0389   -0.0917
    0.0583   -0.0741
    0.0778   -0.0497
    0.0972   -0.0188
    0.1166    0.0431
    0.1361    0.1181
    0.1555    0.2023
    0.1750    0.2949
    0.1944    0.3947
    0.2138    0.5008
    0.2333    0.5816
    0.2527    0.5204
    0.2722    0.4745
    0.2916    0.5415
    0.3111    0.6084
    0.3305    0.6741
    0.3499    0.7380
    0.3694    0.7991
    0.3888    0.8565
    0.4083    0.9092
    0.4277    0.9554
    0.4471    0.9910
    0.4666    0.9828
    0.4860    0.9610
    0.5055    0.9116
    0.5249    0.8662
    0.5443    0.8321
    0.5638    0.8110
    0.5832    0.8040
    0.6084    0.8104
    0.6336    0.8296
    0.6587    0.8611
    0.6839    0.9035
    0.7091    0.9465
    0.7343    0.9666
    0.7595    0.9784
    0.7846    0.9804
    0.8098    0.9684
    0.8350    0.9425
    0.8602    0.9048
    0.8853    0.8573
    0.9105    0.8011
    0.9357    0.7371
    0.9609    0.6665
    0.9860    0.5907
    1.0112    0.5264
    1.0364    0.5294
    1.0616    0.5253
    1.0867    0.5125
    1.1119    0.4934
    1.1371    0.4701
    1.1623    0.4448
    1.1874    0.4193
    1.2126    0.3952
    1.2378    0.3737
    1.2630    0.3559
    1.2881    0.3424
    1.3133    0.3340
    1.3385    0.3311
    1.3610    0.3342
    1.3836    0.3431
    1.4061    0.3575
    1.4286    0.3765
    1.4512    0.3989
    1.4737    0.4238
    1.4962    0.4510
    1.5188    0.4805
    1.5413    0.5118
    1.5638    0.5440
    1.5864    0.5756
    1.6089    0.6041
    1.6314    0.6267
    1.6540    0.6402
    1.6765    0.6422
    1.6990    0.6325
    1.7216    0.6133
    1.7441    0.5887
    1.7666    0.5628
    1.7892    0.5390
    1.8117    0.5190
    1.8343    0.5029
    1.8568    0.4902
    1.8793    0.4803
    1.9019    0.4723
    1.9244    0.4660
    1.9469    0.4611
    1.9695    0.4576
    1.9920    0.4555
    2.0145    0.4548
    2.0397    0.4563
    2.0649    0.4608
    2.0901    0.4680
    2.1152    0.4775
    2.1404    0.4890
    2.1656    0.5019
    2.1908    0.5159
    2.2159    0.5304
    2.2411    0.5452
    2.2663    0.5597
    2.2915    0.5732
    2.3166    0.5844
    2.3418    0.5916
    2.3670    0.5921
    2.3922    0.5825
    2.4173    0.5594
    2.4425    0.5206
    2.4677    0.4672
    2.4929    0.4028
    2.5180    0.3321
    2.5432    0.2592
    2.5684    0.1875
    2.5936    0.1196
    2.6187    0.0579
    2.6439    0.0045
    2.6691   -0.0388
    2.6943   -0.0706
    2.7194   -0.0912
    2.7446   -0.1024
    2.7698   -0.1060

    0.0000    0.6890
    0.0194    0.6914
    0.0389    0.6987
    0.0583    0.7107
    0.0778    0.7271
    0.0972    0.7477
    0.1166    0.7719
    0.1361    0.7992
    0.1555    0.7984
    0.1750    0.7497
    0.1944    0.6970
    0.2138    0.6408
    0.2333    0.6119
    0.2527    0.7266
    0.2722    0.8439
    0.2916    0.9624
    0.3111    1.0612
    0.3305    1.0761
    0.3499    1.0858
    0.3694    1.0901
    0.3888    1.0821
    0.4083    1.0575
    0.4277    1.0320
    0.4471    1.0068
    0.4666    0.9828
    0.4860    0.9610
    0.5055    0.9421
    0.5249    0.9268
    0.5443    0.9155
    0.5638    0.9086
    0.5832    0.9063
    0.6084    0.9086
    0.6336    0.9152
    0.6587    0.9259
    0.6839    0.9405
    0.7091    0.9668
    0.7343    1.0227
    0.7595    1.0582
    0.7846    1.0790
    0.8098    1.0970
    0.8350    1.1115
    0.8602    1.1199
    0.8853    1.1221
    0.9105    1.1187
    0.9357    1.1095
    0.9609    1.0934
    0.9860    1.0668
    1.0112    1.0245
    1.0364    0.9661
    1.0616    0.8974
    1.0867    0.8241
    1.1119    0.7505
    1.1371    0.6792
    1.1623    0.6122
    1.1874    0.5510
    1.2126    0.4971
    1.2378    0.4514
    1.2630    0.4150
    1.2881    0.3885
    1.3133    0.3726
    1.3385    0.3672
    1.3610    0.3695
    1.3836    0.3765
    1.4061    0.3884
    1.4286    0.4057
    1.4512    0.4292
    1.4737    0.4590
    1.4962    0.4945
    1.5188    0.5344
    1.5413    0.5777
    1.5638    0.6230
    1.5864    0.6693
    1.6089    0.7151
    1.6314    0.7594
    1.6540    0.8009
    1.6765    0.8384
    1.6990    0.8710
    1.7216    0.8978
    1.7441    0.9182
    1.7666    0.9315
    1.7892    0.9369
    1.8117    0.9325
    1.8343    0.9168
    1.8568    0.8943
    1.8793    0.8705
    1.9019    0.8480
    1.9244    0.8283
    1.9469    0.8122
    1.9695    0.8003
    1.9920    0.7930
    2.0145    0.7906
    2.0397    0.7911
    2.0649    0.7924
    2.0901    0.7945
    2.1152    0.7970
    2.1404    0.7999
    2.1656    0.8029
    2.1908    0.8058
    2.2159    0.8085
    2.2411    0.8107
    2.2663    0.8123
    2.2915    0.8132
    2.3166    0.8132
    2.3418    0.8122
    2.3670    0.8100
    2.3922    0.8064
    2.4173    0.8011
    2.4425    0.7939
    2.4677    0.7852
    2.4929    0.7755
    2.5180    0.7651
    2.5432    0.7545
    2.5684    0.7437
    2.5936    0.7331
    2.6187    0.7229
    2.6439    0.7135
    2.6691    0.7053
    2.6943    0.6984
    2.7194    0.6933
    2.7446    0.6901
    2.7698    0.6890

    0.0000    0.6890
    0.0194    0.6914
    0.0389    0.6987
    0.0583    0.7107
    0.0778    0.7271
    0.0972    0.7477
    0.1166    0.7719
    0.1361    0.7992
    0.1555    0.8291
    0.1750    0.8608
    0.1944    0.8936
    0.2138    0.9265
    0.2333    0.9587
    0.2527    0.9891
    0.2722    1.0170
    0.2916    1.0413
    0.3111    1.0612
    0.3305    1.0761
    0.3499    1.0858
    0.3694    1.0901
    0.3888    1.0821
    0.4083    1.0575
    0.4277    1.0320
    0.4471    1.0068
    0.4666    0.9997
    0.4860    0.9629
    0.5055    0.9421
    0.5249    0.9268
    0.5443    0.9155
    0.5638    0.9086
    0.5832    0.9063
    0.6084    0.9106
    0.6336    0.9233
    0.6587    0.9439
    0.6839    0.9713
    0.7091    1.0032
    0.7343    1.0358
    0.7595    1.0867
    0.7846    1.1174
    0.8098    1.1303
    0.8350    1.1453
    0.8602    1.1640
    0.8853    1.1836
    0.9105    1.2010
    0.9357    1.2132
    0.9609    1.2164
    0.9860    1.2069
    1.0112    1.1890
    1.0364    1.1728
    1.0616    1.1605
    1.0867    1.1490
    1.1119    1.1350
    1.1371    1.1168
    1.1623    1.0942
    1.1874    1.0686
    1.2126    1.0422
    1.2378    1.0172
    1.2630    0.9956
    1.2881    0.9790
    1.3133    0.9686
    1.3385    0.9650
    1.3610    0.9671
    1.3836    0.9734
    1.4061    0.9837
    1.4286    0.9977
    1.4512    1.0152
    1.4737    1.0359
    1.4962    1.0594
    1.5188    1.0853
    1.5413    1.1132
    1.5638    1.1423
    1.5864    1.1705
    1.6089    1.1920
    1.6314    1.1980
    1.6540    1.1899
    1.6765    1.1633
    1.6990    1.1323
    1.7216    1.1012
    1.7441    1.0703
    1.7666    1.0400
    1.7892    1.0119
    1.8117    0.9891
    1.8343    0.9742
    1.8568    0.9644
    1.8793    0.9559
    1.9019    0.9476
    1.9244    0.9395
    1.9469    0.9320
    1.9695    0.9259
    1.9920    0.9219
    2.0145    0.9205
    2.0397    0.9223
    2.0649    0.9275
    2.0901    0.9354
    2.1152    0.9453
    2.1404    0.9565
    2.1656    0.9683
    2.1908    0.9803
    2.2159    0.9920
    2.2411    1.0030
    2.2663    1.0129
    2.2915    1.0213
    2.3166    1.0278
    2.3418    1.0310
    2.3670    1.0204
    2.3922    0.9838
    2.4173    0.9435
    2.4425    0.9092
    2.4677    0.8824
    2.4929    0.8610
    2.5180    0.8420
    2.5432    0.8232
    2.5684    0.8036
    2.5936    0.7832
    2.6187    0.7627
    2.6439    0.7429
    2.6691    0.7249
    2.6943    0.7098
    2.7194    0.6985
    2.7446    0.6914
    2.7698    0.6890

    0.0000    0.9029
    0.0194    0.9053
    0.0389    0.9122
    0.0583    0.9235
    0.0778    0.9388
    0.0972    0.9152
    0.1166    0.8816
    0.1361    0.8425
    0.1555    0.8291
    0.1750    0.8608
    0.1944    0.8936
    0.2138    0.9265
    0.2333    0.9587
    0.2527    0.9891
    0.2722    1.0170
    0.2916    1.0413
    0.3111    1.0808
    0.3305    1.1381
    0.3499    1.1236
    0.3694    1.1045
    0.3888    1.0895
    0.4083    1.0844
    0.4277    1.0760
    0.4471    1.0651
    0.4666    1.0529
    0.4860    1.0406
    0.5055    1.0290
    0.5249    1.0191
    0.5443    1.0116
    0.5638    1.0068
    0.5832    1.0052
    0.6084    1.0074
    0.6336    1.0141
    0.6587    1.0250
    0.6839    1.0404
    0.7091    1.0612
    0.7343    1.0905
    0.7595    1.1273
    0.7846    1.1765
    0.8098    1.2377
    0.8350    1.3015
    0.8602    1.3662
    0.8853    1.4300
    0.9105    1.4875
    0.9357    1.4350
    0.9609    1.3800
    0.9860    1.3420
    1.0112    1.3241
    1.0364    1.3172
    1.0616    1.3128
    1.0867    1.3069
    1.1119    1.2974
    1.1371    1.2837
    1.1623    1.2659
    1.1874    1.2450
    1.2126    1.2230
    1.2378    1.2018
    1.2630    1.1834
    1.2881    1.1693
    1.3133    1.1605
    1.3385    1.1575
    1.3610    1.1591
    1.3836    1.1638
    1.4061    1.1714
    1.4286    1.1813
    1.4512    1.1928
    1.4737    1.2049
    1.4962    1.2163
    1.5188    1.2259
    1.5413    1.2323
    1.5638    1.2350
    1.5864    1.2345
    1.6089    1.2322
    1.6314    1.2227
    1.6540    1.2018
    1.6765    1.1928
    1.6990    1.1906
    1.7216    1.1918
    1.7441    1.1924
    1.7666    1.1855
    1.7892    1.1668
    1.8117    1.1390
    1.8343    1.1073
    1.8568    1.0755
    1.8793    1.0455
    1.9019    1.0189
    1.9244    0.9966
    1.9469    0.9791
    1.9695    0.9667
    1.9920    0.9595
    2.0145    0.9571
    2.0397    0.9594
    2.0649    0.9664
    2.0901    0.9783
    2.1152    0.9951
    2.1404    1.0163
    2.1656    1.0410
    2.1908    1.0673
    2.2159    1.0929
    2.2411    1.1144
    2.2663    1.1272
    2.2915    1.1267
    2.3166    1.1105
    2.3418    1.0816
    2.3670    1.0551
    2.3922    1.0496
    2.4173    1.0492
    2.4425    1.0485
    2.4677    1.0466
    2.4929    1.0432
    2.5180    1.0383
    2.5432    1.0317
    2.5684    1.0225
    2.5936    1.0068
    2.6187    0.9835
    2.6439    0.9602
    2.6691    0.9401
    2.6943    0.9241
    2.7194    0.9124
    2.7446    0.9053
    2.7698    0.9029

    0.0000    0.9029
    0.0194    0.9053
    0.0389    0.9122
    0.0583    0.9235
    0.0778    0.9389
    0.0972    0.9578
    0.1166    0.9797
    0.1361    1.0038
    0.1555    1.0292
    0.1750    1.0548
    0.1944    1.0796
    0.2138    1.1024
    0.2333    1.1219
    0.2527    1.1368
    0.2722    1.1464
    0.2916    1.1499
    0.3111    1.1471
    0.3305    1.1381
    0.3499    1.1236
    0.3694    1.1045
    0.3888    1.0895
    0.4083    1.0844
    0.4277    1.0760
    0.4471    1.0651
    0.4666    1.0529
    0.4860    1.0406
    0.5055    1.0290
    0.5249    1.0191
    0.5443    1.0116
    0.5638    1.0068
    0.5832    1.0052
    0.6084    1.0091
    0.6336    1.0208
    0.6587    1.0400
    0.6839    1.0665
    0.7091    1.0996
    0.7343    1.1370
    0.7595    1.1616
    0.7846    1.2158
    0.8098    1.2829
    0.8350    1.3410
    0.8602    1.3990
    0.8853    1.4571
    0.9105    1.4927
    0.9357    1.5490
    0.9609    1.6032
    0.9860    1.6497
    1.0112    1.6411
    1.0364    1.6028
    1.0616    1.5659
    1.0867    1.5342
    1.1119    1.5092
    1.1371    1.4906
    1.1623    1.4775
    1.1874    1.4682
    1.2126    1.4613
    1.2378    1.4557
    1.2630    1.4510
    1.2881    1.4472
    1.3133    1.4446
    1.3385    1.4437
    1.3610    1.4436
    1.3836    1.4432
    1.4061    1.4426
    1.4286    1.4418
    1.4512    1.4409
    1.4737    1.4397
    1.4962    1.4377
    1.5188    1.4314
    1.5413    1.4116
    1.5638    1.3805
    1.5864    1.3462
    1.6089    1.3172
    1.6314    1.3114
    1.6540    1.3341
    1.6765    1.3625
    1.6990    1.3641
    1.7216    1.3443
    1.7441    1.3225
    1.7666    1.3080
    1.7892    1.3057
    1.8117    1.3125
    1.8343    1.3234
    1.8568    1.3351
    1.8793    1.3460
    1.9019    1.3555
    1.9244    1.3632
    1.9469    1.3691
    1.9695    1.3733
    1.9920    1.3757
    2.0145    1.3766
    2.0397    1.3774
    2.0649    1.3800
    2.0901    1.3839
    2.1152    1.3887
    2.1404    1.3938
    2.1656    1.3986
    2.1908    1.4025
    2.2159    1.4054
    2.2411    1.4075
    2.2663    1.4104
    2.2915    1.4156
    2.3166    1.4235
    2.3418    1.4274
    2.3670    1.3940
    2.3922    1.3508
    2.4173    1.3061
    2.4425    1.2608
    2.4677    1.2157
    2.4929    1.1715
    2.5180    1.1294
    2.5432    1.0903
    2.5684    1.0560
    2.5936    1.0311
    2.6187    1.0158
    2.6439    0.9922
    2.6691    0.9620
    2.6943    0.9366
    2.7194    0.9180
    2.7446    0.9067
    2.7698    0.9029

    0.0000    0.9934
    0.0194    0.9903
    0.0389    0.9808
    0.0583    0.9650
    0.0778    0.9431
    0.0972    0.9578
    0.1166    0.9797
    0.1361    1.0038
    0.1555    1.0292
    0.1750    1.0548
    0.1944    1.0797
    0.2138    1.1024
    0.2333    1.1219
    0.2527    1.1369
    0.2722    1.1464
    0.2916    1.1499
    0.3111    1.1471
    0.3305    1.1977
    0.3499    1.3118
    0.3694    1.4219
    0.3888    1.4271
    0.4083    1.3344
    0.4277    1.2450
    0.4471    1.1656
    0.4666    1.1145
    0.4860    1.1121
    0.5055    1.1292
    0.5249    1.1465
    0.5443    1.1598
    0.5638    1.1679
    0.5832    1.1707
    0.6084    1.1699
    0.6336    1.1677
    0.6587    1.1640
    0.6839    1.1590
    0.7091    1.1537
    0.7343    1.1529
    0.7595    1.1868
    0.7846    1.2375
    0.8098    1.3051
    0.8350    1.3953
    0.8602    1.4912
    0.8853    1.5642
    0.9105    1.5376
    0.9357    1.5880
    0.9609    1.6446
    0.9860    1.6849
    1.0112    1.7091
    1.0364    1.7432
    1.0616    1.7534
    1.0867    1.7366
    1.1119    1.7038
    1.1371    1.6663
    1.1623    1.6314
    1.1874    1.6023
    1.2126    1.5796
    1.2378    1.5627
    1.2630    1.5507
    1.2881    1.5427
    1.3133    1.5381
    1.3385    1.5367
    1.3610    1.5361
    1.3836    1.5343
    1.4061    1.5306
    1.4286    1.5243
    1.4512    1.5145
    1.4737    1.5006
    1.4962    1.4826
    1.5188    1.4641
    1.5413    1.4546
    1.5638    1.4525
    1.5864    1.4514
    1.6089    1.4481
    1.6314    1.4410
    1.6540    1.4302
    1.6765    1.4230
    1.6990    1.4444
    1.7216    1.4880
    1.7441    1.5363
    1.7666    1.5841
    1.7892    1.6282
    1.8117    1.6662
    1.8343    1.6962
    1.8568    1.7171
    1.8793    1.7295
    1.9019    1.7350
    1.9244    1.7360
    1.9469    1.7345
    1.9695    1.7323
    1.9920    1.7305
    2.0145    1.7299
    2.0397    1.7299
    2.0649    1.7298
    2.0901    1.7281
    2.1152    1.7231
    2.1404    1.7126
    2.1656    1.6952
    2.1908    1.6706
    2.2159    1.6395
    2.2411    1.6035
    2.2663    1.5642
    2.2915    1.5233
    2.3166    1.4820
    2.3418    1.4445
    2.3670    1.4390
    2.3922    1.4323
    2.4173    1.4126
    2.4425    1.3796
    2.4677    1.3362
    2.4929    1.2863
    2.5180    1.2334
    2.5432    1.1801
    2.5684    1.1287
    2.5936    1.0809
    2.6187    1.0395
    2.6439    1.0160
    2.6691    1.0070
    2.6943    1.0010
    2.7194    0.9968
    2.7446    0.9943
    2.7698    0.9934

    0.0000    1.8048
    0.0194    1.8071
    0.0389    1.8138
    0.0583    1.8250
    0.0778    1.8406
    0.0972    1.8606
    0.1166    1.8846
    0.1361    1.9127
    0.1555    1.9444
    0.1750    1.9796
    0.1944    2.0177
    0.2138    2.0585
    0.2333    2.0183
    0.2527    1.9630
    0.2722    1.9032
    0.2916    1.8383
    0.3111    1.7677
    0.3305    1.6909
    0.3499    1.6078
    0.3694    1.5192
    0.3888    1.5268
    0.4083    1.6253
    0.4277    1.7163
    0.4471    1.7988
    0.4666    1.8720
    0.4860    1.8602
    0.5055    1.8347
    0.5249    1.8156
    0.5443    1.8024
    0.5638    1.7946
    0.5832    1.7921
    0.6084    1.7956
    0.6336    1.8060
    0.6587    1.8234
    0.6839    1.8474
    0.7091    1.8775
    0.7343    1.9105
    0.7595    1.8884
    0.7846    1.8349
    0.8098    1.7760
    0.8350    1.7132
    0.8602    1.6484
    0.8853    1.6059
    0.9105    1.6806
    0.9357    1.7323
    0.9609    1.7293
    0.9860    1.7129
    1.0112    1.7476
    1.0364    1.7836
    1.0616    1.8203
    1.0867    1.8578
    1.1119    1.8907
    1.1371    1.9120
    1.1623    1.9102
    1.1874    1.8871
    1.2126    1.8590
    1.2378    1.8342
    1.2630    1.8150
    1.2881    1.8017
    1.3133    1.7940
    1.3385    1.7915
    1.3610    1.7923
    1.3836    1.7947
    1.4061    1.7986
    1.4286    1.8041
    1.4512    1.8105
    1.4737    1.8173
    1.4962    1.8234
    1.5188    1.8279
    1.5413    1.8306
    1.5638    1.8317
    1.5864    1.8325
    1.6089    1.8344
    1.6314    1.8386
    1.6540    1.8457
    1.6765    1.8553
    1.6990    1.8668
    1.7216    1.8790
    1.7441    1.8909
    1.7666    1.9020
    1.7892    1.9122
    1.8117    1.9222
    1.8343    1.9326
    1.8568    1.9435
    1.8793    1.9539
    1.9019    1.9618
    1.9244    1.9657
    1.9469    1.9660
    1.9695    1.9648
    1.9920    1.9635
    2.0145    1.9630
    2.0397    1.9639
    2.0649    1.9667
    2.0901    1.9724
    2.1152    1.9818
    2.1404    1.9955
    2.1656    2.0107
    2.1908    2.0226
    2.2159    2.0291
    2.2411    2.0328
    2.2663    2.0356
    2.2915    2.0381
    2.3166    2.0311
    2.3418    1.9958
    2.3670    1.9616
    2.3922    1.9383
    2.4173    1.9292
    2.4425    1.9340
    2.4677    1.9498
    2.4929    1.9724
    2.5180    1.9954
    2.5432    1.9944
    2.5684    1.9657
    2.5936    1.9331
    2.6187    1.9018
    2.6439    1.8737
    2.6691    1.8496
    2.6943    1.8303
    2.7194    1.8163
    2.7446    1.8077
    2.7698    1.8048

    0.0000    2.2135
    0.0194    2.2153
    0.0389    2.2206
    0.0583    2.2291
    0.0778    2.2406
    0.0972    2.2543
    0.1166    2.2635
    0.1361    2.2330
    0.1555    2.1981
    0.1750    2.1592
    0.1944    2.1162
    0.2138    2.0693
    0.2333    2.1014
    0.2527    2.1461
    0.2722    2.1898
    0.2916    2.1707
    0.3111    2.1547
    0.3305    2.1413
    0.3499    2.1299
    0.3694    2.1199
    0.3888    2.1105
    0.4083    2.0417
    0.4277    1.9825
    0.4471    1.9332
    0.4666    1.8928
    0.4860    1.9351
    0.5055    1.9876
    0.5249    2.0288
    0.5443    2.0432
    0.5638    2.0399
    0.5832    2.0388
    0.6084    2.0374
    0.6336    2.0333
    0.6587    2.0265
    0.6839    2.0138
    0.7091    1.9813
    0.7343    1.9413
    0.7595    1.9480
    0.7846    1.9573
    0.8098    1.9520
    0.8350    1.9462
    0.8602    1.9427
    0.8853    1.9379
    0.9105    1.9248
    0.9357    1.9304
    0.9609    1.9852
    0.9860    2.0373
    1.0112    2.0555
    1.0364    2.0643
    1.0616    2.0661
    1.0867    2.0678
    1.1119    2.0611
    1.1371    2.0369
    1.1623    2.0247
    1.1874    2.0332
    1.2126    2.0489
    1.2378    2.0643
    1.2630    2.0769
    1.2881    2.0843
    1.3133    2.0824
    1.3385    2.0810
    1.3610    2.0802
    1.3836    2.0779
    1.4061    2.0744
    1.4286    2.0703
    1.4512    2.0665
    1.4737    2.0642
    1.4962    2.0645
    1.5188    2.0679
    1.5413    2.0738
    1.5638    2.0808
    1.5864    2.0874
    1.6089    2.0924
    1.6314    2.0956
    1.6540    2.0974
    1.6765    2.0983
    1.6990    2.0987
    1.7216    2.0990
    1.7441    2.0991
    1.7666    2.0990
    1.7892    2.0981
    1.8117    2.0956
    1.8343    2.0895
    1.8568    2.0763
    1.8793    2.0611
    1.9019    2.0508
    1.9244    2.0468
    1.9469    2.0476
    1.9695    2.0503
    1.9920    2.0527
    2.0145    2.0536
    2.0397    2.0543
    2.0649    2.0561
    2.0901    2.0588
    2.1152    2.0627
    2.1404    2.0692
    2.1656    2.0822
    2.1908    2.1059
    2.2159    2.1368
    2.2411    2.1643
    2.2663    2.1340
    2.2915    2.0904
    2.3166    2.0573
    2.3418    2.0568
    2.3670    2.0636
    2.3922    2.0712
    2.4173    2.0777
    2.4425    2.0809
    2.4677    2.0778
    2.4929    2.0655
    2.5180    2.0465
    2.5432    2.0465
    2.5684    2.0718
    2.5936    2.1004
    2.6187    2.1278
    2.6439    2.1525
    2.6691    2.1738
    2.6943    2.1908
    2.7194    2.2033
    2.7446    2.2109
    2.7698    2.2135

    0.0000    2.2135
    0.0194    2.2153
    0.0389    2.2206
    0.0583    2.2291
    0.0778    2.2406
    0.0972    2.2543
    0.1166    2.2697
    0.1361    2.2858
    0.1555    2.3017
    0.1750    2.3163
    0.1944    2.2916
    0.2138    2.2635
    0.2333    2.2367
    0.2527    2.2119
    0.2722    2.1898
    0.2916    2.1708
    0.3111    2.1547
    0.3305    2.1413
    0.3499    2.1299
    0.3694    2.1199
    0.3888    2.1105
    0.4083    2.1013
    0.4277    2.0919
    0.4471    2.0823
    0.4666    2.0728
    0.4860    2.0637
    0.5055    2.0555
    0.5249    2.0485
    0.5443    2.0432
    0.5638    2.0399
    0.5832    2.0388
    0.6084    2.0405
    0.6336    2.0454
    0.6587    2.0462
    0.6839    2.0224
    0.7091    2.0097
    0.7343    1.9998
    0.7595    1.9971
    0.7846    2.0227
    0.8098    2.0678
    0.8350    2.0805
    0.8602    2.0368
    0.8853    2.0011
    0.9105    1.9903
    0.9357    2.0010
    0.9609    2.0208
    0.9860    2.0687
    1.0112    2.1382
    1.0364    2.1590
    1.0616    2.1558
    1.0867    2.1506
    1.1119    2.1308
    1.1371    2.1343
    1.1623    2.1393
    1.1874    2.1282
    1.2126    2.1165
    1.2378    2.1054
    1.2630    2.0959
    1.2881    2.0904
    1.3133    2.0933
    1.3385    2.0950
    1.3610    2.0953
    1.3836    2.0963
    1.4061    2.0981
    1.4286    2.1008
    1.4512    2.1045
    1.4737    2.1094
    1.4962    2.1154
    1.5188    2.1226
    1.5413    2.1304
    1.5638    2.1380
    1.5864    2.1448
    1.6089    2.1515
    1.6314    2.1589
    1.6540    2.1674
    1.6765    2.1769
    1.6990    2.1870
    1.7216    2.1967
    1.7441    2.2026
    1.7666    2.1923
    1.7892    2.1667
    1.8117    2.1389
    1.8343    2.1151
    1.8568    2.1013
    1.8793    2.0943
    1.9019    2.0890
    1.9244    2.0846
    1.9469    2.0810
    1.9695    2.0783
    1.9920    2.0766
    2.0145    2.0761
    2.0397    2.0770
    2.0649    2.0802
    2.0901    2.0861
    2.1152    2.0953
    2.1404    2.1080
    2.1656    2.1245
    2.1908    2.1457
    2.2159    2.1758
    2.2411    2.1765
    2.2663    2.1895
    2.2915    2.2119
    2.3166    2.2333
    2.3418    2.2536
    2.3670    2.2727
    2.3922    2.2898
    2.4173    2.2987
    2.4425    2.2785
    2.4677    2.2471
    2.4929    2.2230
    2.5180    2.2097
    2.5432    2.2047
    2.5684    2.2041
    2.5936    2.2055
    2.6187    2.2075
    2.6439    2.2094
    2.6691    2.2109
    2.6943    2.2121
    2.7194    2.2129
    2.7446    2.2133
    2.7698    2.2135

    0.0000    2.3504
    0.0194    2.3480
    0.0389    2.3406
    0.0583    2.3284
    0.0778    2.3114
    0.0972    2.2897
    0.1166    2.2697
    0.1361    2.2858
    0.1555    2.3017
    0.1750    2.3163
    0.1944    2.2916
    0.2138    2.2635
    0.2333    2.2367
    0.2527    2.2119
    0.2722    2.1919
    0.2916    2.2385
    0.3111    2.2853
    0.3305    2.3319
    0.3499    2.2901
    0.3694    2.1946
    0.3888    2.1120
    0.4083    2.1013
    0.4277    2.0919
    0.4471    2.0823
    0.4666    2.0728
    0.4860    2.0637
    0.5055    2.0555
    0.5249    2.0485
    0.5443    2.0586
    0.5638    2.0765
    0.5832    2.0825
    0.6084    2.0784
    0.6336    2.0662
    0.6587    2.0536
    0.6839    2.0650
    0.7091    2.0796
    0.7343    2.0972
    0.7595    2.1171
    0.7846    2.1347
    0.8098    2.1232
    0.8350    2.1190
    0.8602    2.1663
    0.8853    2.2096
    0.9105    2.2448
    0.9357    2.2649
    0.9609    2.2646
    0.9860    2.2475
    1.0112    2.2329
    1.0364    2.2519
    1.0616    2.2165
    1.0867    2.1695
    1.1119    2.1552
    1.1371    2.1484
    1.1623    2.1512
    1.1874    2.1705
    1.2126    2.1888
    1.2378    2.2050
    1.2630    2.2182
    1.2881    2.2279
    1.3133    2.2339
    1.3385    2.2359
    1.3610    2.2350
    1.3836    2.2325
    1.4061    2.2286
    1.4286    2.2235
    1.4512    2.2179
    1.4737    2.2124
    1.4962    2.2078
    1.5188    2.2054
    1.5413    2.2068
    1.5638    2.2139
    1.5864    2.2271
    1.6089    2.2441
    1.6314    2.2609
    1.6540    2.2732
    1.6765    2.2776
    1.6990    2.2725
    1.7216    2.2587
    1.7441    2.2414
    1.7666    2.2357
    1.7892    2.2431
    1.8117    2.2537
    1.8343    2.2652
    1.8568    2.2769
    1.8793    2.2884
    1.9019    2.2993
    1.9244    2.3092
    1.9469    2.3173
    1.9695    2.3229
    1.9920    2.3260
    2.0145    2.3270
    2.0397    2.3277
    2.0649    2.3276
    2.0901    2.3215
    2.1152    2.3100
    2.1404    2.2938
    2.1656    2.2727
    2.1908    2.2462
    2.2159    2.2143
    2.2411    2.2218
    2.2663    2.2766
    2.2915    2.3323
    2.3166    2.3789
    2.3418    2.4048
    2.3670    2.3999
    2.3922    2.3720
    2.4173    2.3422
    2.4425    2.3402
    2.4677    2.3538
    2.4929    2.3692
    2.5180    2.3842
    2.5432    2.3977
    2.5684    2.4071
    2.5936    2.4049
    2.6187    2.3930
    2.6439    2.3805
    2.6691    2.3697
    2.6943    2.3613
    2.7194    2.3552
    2.7446    2.3516
    2.7698    2.3504

    0.0000    2.4752
    0.0194    2.4730
    0.0389    2.4663
    0.0583    2.4553
    0.0778    2.4403
    0.0972    2.4215
    0.1166    2.3996
    0.1361    2.3749
    0.1555    2.3481
    0.1750    2.3201
    0.1944    2.3288
    0.2138    2.3382
    0.2333    2.3442
    0.2527    2.3466
    0.2722    2.3459
    0.2916    2.3428
    0.3111    2.3385
    0.3305    2.3342
    0.3499    2.3308
    0.3694    2.3293
    0.3888    2.3300
    0.4083    2.3330
    0.4277    2.3380
    0.4471    2.3446
    0.4666    2.3521
    0.4860    2.3599
    0.5055    2.3672
    0.5249    2.3736
    0.5443    2.3785
    0.5638    2.3815
    0.5832    2.3826
    0.6084    2.3792
    0.6336    2.3692
    0.6587    2.3528
    0.6839    2.3301
    0.7091    2.3018
    0.7343    2.2685
    0.7595    2.2316
    0.7846    2.1969
    0.8098    2.1930
    0.8350    2.2218
    0.8602    2.2605
    0.8853    2.3027
    0.9105    2.3435
    0.9357    2.3839
    0.9609    2.4166
    0.9860    2.3862
    1.0112    2.3413
    1.0364    2.3076
    1.0616    2.3579
    1.0867    2.4275
    1.1119    2.4929
    1.1371    2.5511
    1.1623    2.6013
    1.1874    2.6436
    1.2126    2.6785
    1.2378    2.7067
    1.2630    2.7283
    1.2881    2.7437
    1.3133    2.7530
    1.3385    2.7560
    1.3610    2.7551
    1.3836    2.7522
    1.4061    2.7474
    1.4286    2.7408
    1.4512    2.7324
    1.4737    2.7224
    1.4962    2.7110
    1.5188    2.6984
    1.5413    2.6850
    1.5638    2.6710
    1.5864    2.6568
    1.6089    2.6424
    1.6314    2.6270
    1.6540    2.6064
    1.6765    2.5744
    1.6990    2.5339
    1.7216    2.4920
    1.7441    2.4530
    1.7666    2.4190
    1.7892    2.3913
    1.8117    2.3702
    1.8343    2.3554
    1.8568    2.3459
    1.8793    2.3404
    1.9019    2.3377
    1.9244    2.3368
    1.9469    2.3371
    1.9695    2.3381
    1.9920    2.3393
    2.0145    2.3398
    2.0397    2.3389
    2.0649    2.3383
    2.0901    2.3430
    2.1152    2.3519
    2.1404    2.3637
    2.1656    2.3781
    2.1908    2.3949
    2.2159    2.4142
    2.2411    2.4358
    2.2663    2.4596
    2.2915    2.4832
    2.3166    2.5000
    2.3418    2.5058
    2.3670    2.5134
    2.3922    2.5266
    2.4173    2.5382
    2.4425    2.5432
    2.4677    2.5311
    2.4929    2.5070
    2.5180    2.4824
    2.5432    2.4600
    2.5684    2.4426
    2.5936    2.4382
    2.6187    2.4448
    2.6439    2.4531
    2.6691    2.4607
    2.6943    2.4669
    2.7194    2.4715
    2.7446    2.4743
    2.7698    2.4752

    0.0000    2.4752
    0.0194    2.4730
    0.0389    2.4663
    0.0583    2.4553
    0.0778    2.4403
    0.0972    2.4215
    0.1166    2.3996
    0.1361    2.3749
    0.1555    2.3481
    0.1750    2.3201
    0.1944    2.3288
    0.2138    2.3382
    0.2333    2.3442
    0.2527    2.3466
    0.2722    2.3459
    0.2916    2.3428
    0.3111    2.3385
    0.3305    2.3342
    0.3499    2.3309
    0.3694    2.3293
    0.3888    2.3300
    0.4083    2.3330
    0.4277    2.3380
    0.4471    2.3446
    0.4666    2.3521
    0.4860    2.3599
    0.5055    2.3672
    0.5249    2.3736
    0.5443    2.3785
    0.5638    2.3815
    0.5832    2.3826
    0.6084    2.3822
    0.6336    2.3810
    0.6587    2.3792
    0.6839    2.3770
    0.7091    2.3748
    0.7343    2.3731
    0.7595    2.3722
    0.7846    2.3728
    0.8098    2.3752
    0.8350    2.3799
    0.8602    2.3878
    0.8853    2.3999
    0.9105    2.4164
    0.9357    2.4290
    0.9609    2.4340
    0.9860    2.4862
    1.0112    2.5443
    1.0364    2.5954
    1.0616    2.6261
    1.0867    2.6531
    1.1119    2.6835
    1.1371    2.7173
    1.1623    2.7531
    1.1874    2.7885
    1.2126    2.8213
    1.2378    2.8496
    1.2630    2.8722
    1.2881    2.8885
    1.3133    2.8984
    1.3385    2.9017
    1.3610    2.9012
    1.3836    2.8998
    1.4061    2.8974
    1.4286    2.8939
    1.4512    2.8891
    1.4737    2.8826
    1.4962    2.8737
    1.5188    2.8612
    1.5413    2.8438
    1.5638    2.8200
    1.5864    2.7891
    1.6089    2.7525
    1.6314    2.7138
    1.6540    2.6804
    1.6765    2.6618
    1.6990    2.6573
    1.7216    2.6609
    1.7441    2.6686
    1.7666    2.6783
    1.7892    2.6886
    1.8117    2.6992
    1.8343    2.7096
    1.8568    2.7197
    1.8793    2.7294
    1.9019    2.7383
    1.9244    2.7461
    1.9469    2.7526
    1.9695    2.7574
    1.9920    2.7604
    2.0145    2.7614
    2.0397    2.7602
    2.0649    2.7565
    2.0901    2.7506
    2.1152    2.7429
    2.1404    2.7340
    2.1656    2.7245
    2.1908    2.7148
    2.2159    2.7045
    2.2411    2.6918
    2.2663    2.6746
    2.2915    2.6551
    2.3166    2.6408
    2.3418    2.6343
    2.3670    2.6262
    2.3922    2.6109
    2.4173    2.5901
    2.4425    2.5681
    2.4677    2.5566
    2.4929    2.5526
    2.5180    2.5468
    2.5432    2.5386
    2.5684    2.5289
    2.5936    2.5185
    2.6187    2.5083
    2.6439    2.4988
    2.6691    2.4906
    2.6943    2.4839
    2.7194    2.4791
    2.7446    2.4762
    2.7698    2.4752

    0.0000    3.5759
    0.0194    3.5740
    0.0389    3.5684
    0.0583    3.5594
    0.0778    3.5474
    0.0972    3.5333
    0.1166    3.5180
    0.1361    3.5025
    0.1555    3.4882
    0.1750    3.4425
    0.1944    3.3181
    0.2138    3.1874
    0.2333    3.0523
    0.2527    2.9151
    0.2722    2.7783
    0.2916    2.6447
    0.3111    2.5170
    0.3305    2.3980
    0.3499    2.3776
    0.3694    2.4221
    0.3888    2.4648
    0.4083    2.5053
    0.4277    2.5430
    0.4471    2.5777
    0.4666    2.6088
    0.4860    2.6359
    0.5055    2.6587
    0.5249    2.6769
    0.5443    2.6901
    0.5638    2.6981
    0.5832    2.7008
    0.6084    2.7001
    0.6336    2.6980
    0.6587    2.6947
    0.6839    2.6904
    0.7091    2.6853
    0.7343    2.6795
    0.7595    2.6732
    0.7846    2.6663
    0.8098    2.6584
    0.8350    2.6489
    0.8602    2.6366
    0.8853    2.6205
    0.9105    2.6015
    0.9357    2.5866
    0.9609    2.5860
    0.9860    2.5963
    1.0112    2.6107
    1.0364    2.6384
    1.0616    2.6924
    1.0867    2.7542
    1.1119    2.8140
    1.1371    2.8691
    1.1623    2.9182
    1.1874    2.9610
    1.2126    2.9973
    1.2378    3.0270
    1.2630    3.0502
    1.2881    3.0667
    1.3133    3.0756
    1.3385    3.0778
    1.3610    3.0768
    1.3836    3.0729
    1.4061    3.0655
    1.4286    3.0550
    1.4512    3.0417
    1.4737    3.0258
    1.4962    3.0075
    1.5188    2.9875
    1.5413    2.9667
    1.5638    2.9463
    1.5864    2.9270
    1.6089    2.9089
    1.6314    2.8915
    1.6540    2.8749
    1.6765    2.8595
    1.6990    2.8460
    1.7216    2.8351
    1.7441    2.8271
    1.7666    2.8219
    1.7892    2.8190
    1.8117    2.8180
    1.8343    2.8181
    1.8568    2.8188
    1.8793    2.8198
    1.9019    2.8209
    1.9244    2.8220
    1.9469    2.8230
    1.9695    2.8238
    1.9920    2.8243
    2.0145    2.8244
    2.0397    2.8244
    2.0649    2.8241
    2.0901    2.8232
    2.1152    2.8209
    2.1404    2.8158
    2.1656    2.8067
    2.1908    2.7933
    2.2159    2.7772
    2.2411    2.7618
    2.2663    2.7517
    2.2915    2.7505
    2.3166    2.7630
    2.3418    2.7987
    2.3670    2.8626
    2.3922    2.9478
    2.4173    3.0445
    2.4425    3.1437
    2.4677    3.2062
    2.4929    3.2498
    2.5180    3.2933
    2.5432    3.3366
    2.5684    3.3790
    2.5936    3.4196
    2.6187    3.4574
    2.6439    3.4914
    2.6691    3.5206
    2.6943    3.5443
    2.7194    3.5617
    2.7446    3.5724
    2.7698    3.5759

    0.0000    3.5759
    0.0194    3.5740
    0.0389    3.5684
    0.0583    3.5594
    0.0778    3.5474
    0.0972    3.5333
    0.1166    3.5180
    0.1361    3.5025
    0.1555    3.4882
    0.1750    3.4764
    0.1944    3.4685
    0.2138    3.4658
    0.2333    3.4691
    0.2527    3.4792
    0.2722    3.4960
    0.2916    3.5192
    0.3111    3.5256
    0.3305    3.4900
    0.3499    3.4590
    0.3694    3.4332
    0.3888    3.4126
    0.4083    3.3971
    0.4277    3.3863
    0.4471    3.3795
    0.4666    3.3760
    0.4860    3.3749
    0.5055    3.3753
    0.5249    3.3765
    0.5443    3.3779
    0.5638    3.3789
    0.5832    3.3792
    0.6084    3.3755
    0.6336    3.3642
    0.6587    3.3457
    0.6839    3.3204
    0.7091    3.2889
    0.7343    3.2518
    0.7595    3.2100
    0.7846    3.1648
    0.8098    3.1175
    0.8350    3.0702
    0.8602    3.0255
    0.8853    2.9864
    0.9105    2.9540
    0.9357    2.9210
    0.9609    2.8903
    0.9860    2.8811
    1.0112    2.8957
    1.0364    2.9241
    1.0616    2.9543
    1.0867    2.9766
    1.1119    2.9898
    1.1371    2.9998
    1.1623    3.0103
    1.1874    3.0223
    1.2126    3.0353
    1.2378    3.0482
    1.2630    3.0601
    1.2881    3.0696
    1.3133    3.0768
    1.3385    3.0800
    1.3610    3.0789
    1.3836    3.0767
    1.4061    3.0741
    1.4286    3.0709
    1.4512    3.0672
    1.4737    3.0634
    1.4962    3.0597
    1.5188    3.0564
    1.5413    3.0536
    1.5638    3.0516
    1.5864    3.0503
    1.6089    3.0492
    1.6314    3.0475
    1.6540    3.0435
    1.6765    3.0357
    1.6990    3.0243
    1.7216    3.0109
    1.7441    2.9973
    1.7666    2.9850
    1.7892    2.9747
    1.8117    2.9667
    1.8343    2.9611
    1.8568    2.9578
    1.8793    2.9564
    1.9019    2.9563
    1.9244    2.9572
    1.9469    2.9584
    1.9695    2.9596
    1.9920    2.9605
    2.0145    2.9608
    2.0397    2.9596
    2.0649    2.9563
    2.0901    2.9517
    2.1152    2.9471
    2.1404    2.9443
    2.1656    2.9449
    2.1908    2.9496
    2.2159    2.9582
    2.2411    2.9696
    2.2663    2.9834
    2.2915    2.9992
    2.3166    3.0176
    2.3418    3.0395
    2.3670    3.0656
    2.3922    3.0963
    2.4173    3.1314
    2.4425    3.1726
    2.4677    3.2512
    2.4929    3.3332
    2.5180    3.3855
    2.5432    3.4238
    2.5684    3.4561
    2.5936    3.4840
    2.6187    3.5081
    2.6439    3.5285
    2.6691    3.5454
    2.6943    3.5587
    2.7194    3.5682
    2.7446    3.5740
    2.7698    3.5759

    0.0000    4.0378
    0.0194    4.0298
    0.0389    4.0059
    0.0583    3.9664
    0.0778    3.9118
    0.0972    3.8428
    0.1166    3.7602
    0.1361    3.6651
    0.1555    3.5587
    0.1750    3.4764
    0.1944    3.4685
    0.2138    3.4658
    0.2333    3.4691
    0.2527    3.4792
    0.2722    3.4960
    0.2916    3.5192
    0.3111    3.5256
    0.3305    3.4900
    0.3499    3.4590
    0.3694    3.4332
    0.3888    3.4126
    0.4083    3.3971
    0.4277    3.3863
    0.4471    3.3795
    0.4666    3.3760
    0.4860    3.3749
    0.5055    3.3753
    0.5249    3.3765
    0.5443    3.3779
    0.5638    3.3789
    0.5832    3.3792
    0.6084    3.3778
    0.6336    3.3736
    0.6587    3.3666
    0.6839    3.3571
    0.7091    3.3452
    0.7343    3.3306
    0.7595    3.3128
    0.7846    3.2902
    0.8098    3.2588
    0.8350    3.2132
    0.8602    3.1517
    0.8853    3.0814
    0.9105    3.0157
    0.9357    2.9752
    0.9609    2.9679
    0.9860    2.9805
    1.0112    3.0048
    1.0364    3.0328
    1.0616    3.0582
    1.0867    3.0884
    1.1119    3.1310
    1.1371    3.1822
    1.1623    3.2363
    1.1874    3.2892
    1.2126    3.3374
    1.2378    3.3787
    1.2630    3.4112
    1.2881    3.4343
    1.3133    3.4480
    1.3385    3.4525
    1.3610    3.4497
    1.3836    3.4411
    1.4061    3.4271
    1.4286    3.4079
    1.4512    3.3840
    1.4737    3.3564
    1.4962    3.3262
    1.5188    3.2947
    1.5413    3.2634
    1.5638    3.2336
    1.5864    3.2066
    1.6089    3.1832
    1.6314    3.1648
    1.6540    3.1528
    1.6765    3.1490
    1.6990    3.1533
    1.7216    3.1639
    1.7441    3.1787
    1.7666    3.1960
    1.7892    3.2145
    1.8117    3.2334
    1.8343    3.2519
    1.8568    3.2695
    1.8793    3.2857
    1.9019    3.3002
    1.9244    3.3126
    1.9469    3.3226
    1.9695    3.3299
    1.9920    3.3344
    2.0145    3.3359
    2.0397    3.3340
    2.0649    3.3281
    2.0901    3.3180
    2.1152    3.3034
    2.1404    3.2847
    2.1656    3.2633
    2.1908    3.2409
    2.2159    3.2195
    2.2411    3.2013
    2.2663    3.1879
    2.2915    3.1808
    2.3166    3.1809
    2.3418    3.1889
    2.3670    3.2048
    2.3922    3.2284
    2.4173    3.2591
    2.4425    3.2958
    2.4677    3.3395
    2.4929    3.4006
    2.5180    3.4883
    2.5432    3.5830
    2.5684    3.6745
    2.5936    3.7592
    2.6187    3.8351
    2.6439    3.9003
    2.6691    3.9527
    2.6943    3.9910
    2.7194    4.0172
    2.7446    4.0327
    2.7698    4.0378

    0.0000    4.0697
    0.0194    4.0666
    0.0389    4.0572
    0.0583    4.0416
    0.0778    4.0202
    0.0972    3.9933
    0.1166    3.9614
    0.1361    3.9250
    0.1555    3.8847
    0.1750    3.8414
    0.1944    3.7958
    0.2138    3.7487
    0.2333    3.7012
    0.2527    3.6542
    0.2722    3.6086
    0.2916    3.5655
    0.3111    3.5480
    0.3305    3.5813
    0.3499    3.6179
    0.3694    3.6567
    0.3888    3.6963
    0.4083    3.7356
    0.4277    3.7736
    0.4471    3.8093
    0.4666    3.8419
    0.4860    3.8708
    0.5055    3.8951
    0.5249    3.9146
    0.5443    3.9288
    0.5638    3.9375
    0.5832    3.9403
    0.6084    3.9335
    0.6336    3.9131
    0.6587    3.8797
    0.6839    3.8341
    0.7091    3.7777
    0.7343    3.7122
    0.7595    3.6404
    0.7846    3.5664
    0.8098    3.4964
    0.8350    3.4390
    0.8602    3.3983
    0.8853    3.3677
    0.9105    3.3291
    0.9357    3.2798
    0.9609    3.2315
    0.9860    3.1906
    1.0112    3.1620
    1.0364    3.1534
    1.0616    3.1720
    1.0867    3.2116
    1.1119    3.2590
    1.1371    3.3066
    1.1623    3.3508
    1.1874    3.3907
    1.2126    3.4259
    1.2378    3.4565
    1.2630    3.4819
    1.2881    3.5014
    1.3133    3.5137
    1.3385    3.5179
    1.3610    3.5156
    1.3836    3.5087
    1.4061    3.4975
    1.4286    3.4825
    1.4512    3.4643
    1.4737    3.4434
    1.4962    3.4204
    1.5188    3.3961
    1.5413    3.3711
    1.5638    3.3463
    1.5864    3.3228
    1.6089    3.3016
    1.6314    3.2840
    1.6540    3.2713
    1.6765    3.2638
    1.6990    3.2615
    1.7216    3.2639
    1.7441    3.2700
    1.7666    3.2792
    1.7892    3.2906
    1.8117    3.3036
    1.8343    3.3175
    1.8568    3.3317
    1.8793    3.3455
    1.9019    3.3584
    1.9244    3.3699
    1.9469    3.3793
    1.9695    3.3864
    1.9920    3.3908
    2.0145    3.3922
    2.0397    3.3906
    2.0649    3.3859
    2.0901    3.3795
    2.1152    3.3725
    2.1404    3.3663
    2.1656    3.3617
    2.1908    3.3593
    2.2159    3.3597
    2.2411    3.3634
    2.2663    3.3708
    2.2915    3.3824
    2.3166    3.3981
    2.3418    3.4179
    2.3670    3.4417
    2.3922    3.4693
    2.4173    3.5009
    2.4425    3.5367
    2.4677    3.5772
    2.4929    3.6225
    2.5180    3.6721
    2.5432    3.7250
    2.5684    3.7793
    2.5936    3.8331
    2.6187    3.8845
    2.6439    3.9323
    2.6691    3.9761
    2.6943    4.0147
    2.7194    4.0447
    2.7446    4.0634
    2.7698    4.0697

    0.0000    4.0698
    0.0194    4.0666
    0.0389    4.0572
    0.0583    4.0416
    0.0778    4.0202
    0.0972    3.9933
    0.1166    3.9614
    0.1361    3.9250
    0.1555    3.8847
    0.1750    3.8414
    0.1944    3.7958
    0.2138    3.7487
    0.2333    3.7012
    0.2527    3.6542
    0.2722    3.6086
    0.2916    3.5655
    0.3111    3.5480
    0.3305    3.5813
    0.3499    3.6179
    0.3694    3.6567
    0.3888    3.6963
    0.4083    3.7356
    0.4277    3.7736
    0.4471    3.8093
    0.4666    3.8419
    0.4860    3.8708
    0.5055    3.8952
    0.5249    3.9146
    0.5443    3.9288
    0.5638    3.9375
    0.5832    3.9403
    0.6084    3.9356
    0.6336    3.9214
    0.6587    3.8981
    0.6839    3.8661
    0.7091    3.8262
    0.7343    3.7793
    0.7595    3.7263
    0.7846    3.6686
    0.8098    3.6076
    0.8350    3.5451
    0.8602    3.4837
    0.8853    3.4299
    0.9105    3.3985
    0.9357    3.3906
    0.9609    3.3947
    0.9860    3.4064
    1.0112    3.4243
    1.0364    3.4480
    1.0616    3.4771
    1.0867    3.5114
    1.1119    3.5505
    1.1371    3.5934
    1.1623    3.6384
    1.1874    3.6832
    1.2126    3.7256
    1.2378    3.7633
    1.2630    3.7944
    1.2881    3.8176
    1.3133    3.8319
    1.3385    3.8368
    1.3610    3.8329
    1.3836    3.8213
    1.4061    3.8023
    1.4286    3.7765
    1.4512    3.7447
    1.4737    3.7078
    1.4962    3.6672
    1.5188    3.6244
    1.5413    3.5814
    1.5638    3.5403
    1.5864    3.5032
    1.6089    3.4723
    1.6314    3.4493
    1.6540    3.4353
    1.6765    3.4307
    1.6990    3.4356
    1.7216    3.4495
    1.7441    3.4717
    1.7666    3.5008
    1.7892    3.5353
    1.8117    3.5731
    1.8343    3.6124
    1.8568    3.6513
    1.8793    3.6883
    1.9019    3.7218
    1.9244    3.7508
    1.9469    3.7743
    1.9695    3.7915
    1.9920    3.8021
    2.0145    3.8056
    2.0397    3.8018
    2.0649    3.7903
    2.0901    3.7718
    2.1152    3.7469
    2.1404    3.7169
    2.1656    3.6832
    2.1908    3.6476
    2.2159    3.6119
    2.2411    3.5784
    2.2663    3.5494
    2.2915    3.5270
    2.3166    3.5131
    2.3418    3.5089
    2.3670    3.5148
    2.3922    3.5307
    2.4173    3.5560
    2.4425    3.5894
    2.4677    3.6296
    2.4929    3.6751
    2.5180    3.7240
    2.5432    3.7748
    2.5684    3.8258
    2.5936    3.8754
    2.6187    3.9220
    2.6439    3.9641
    2.6691    4.0005
    2.6943    4.0301
    2.7194    4.0519
    2.7446    4.0652
    2.7698    4.0698

    0.0000    7.0394
    0.0194    7.0392
    0.0389    7.0385
    0.0583    7.0375
    0.0778    7.0360
    0.0972    7.0341
    0.1166    7.0319
    0.1361    7.0293
    0.1555    7.0264
    0.1750    7.0232
    0.1944    7.0197
    0.2138    7.0160
    0.2333    7.0122
    0.2527    7.0082
    0.2722    7.0041
    0.2916    7.0000
    0.3111    6.9959
    0.3305    6.9918
    0.3499    6.9878
    0.3694    6.9840
    0.3888    6.9803
    0.4083    6.9769
    0.4277    6.9737
    0.4471    6.9707
    0.4666    6.9682
    0.4860    6.9659
    0.5055    6.9640
    0.5249    6.9626
    0.5443    6.9615
    0.5638    6.9609
    0.5832    6.9606
    0.6084    6.9613
    0.6336    6.9633
    0.6587    6.9666
    0.6839    6.9710
    0.7091    6.9761
    0.7343    6.9818
    0.7595    6.9874
    0.7846    6.9926
    0.8098    6.9967
    0.8350    6.9990
    0.8602    6.9988
    0.8853    6.9958
    0.9105    6.9898
    0.9357    6.9809
    0.9609    6.9630
    0.9860    6.9441
    1.0112    6.9246
    1.0364    6.9048
    1.0616    6.8851
    1.0867    6.8657
    1.1119    6.8469
    1.1371    6.8291
    1.1623    6.8127
    1.1874    6.7977
    1.2126    6.7847
    1.2378    6.7736
    1.2630    6.7648
    1.2881    6.7584
    1.3133    6.7545
    1.3385    6.7532
    1.3610    6.7540
    1.3836    6.7563
    1.4061    6.7601
    1.4286    6.7653
    1.4512    6.7719
    1.4737    6.7796
    1.4962    6.7884
    1.5188    6.7981
    1.5413    6.8084
    1.5638    6.8192
    1.5864    6.8301
    1.6089    6.8409
    1.6314    6.8513
    1.6540    6.8609
    1.6765    6.8695
    1.6990    6.8768
    1.7216    6.8825
    1.7441    6.8866
    1.7666    6.8889
    1.7892    6.8897
    1.8117    6.8841
    1.8343    6.8780
    1.8568    6.8717
    1.8793    6.8656
    1.9019    6.8600
    1.9244    6.8551
    1.9469    6.8510
    1.9695    6.8480
    1.9920    6.8462
    2.0145    6.8456
    2.0397    6.8465
    2.0649    6.8492
    2.0901    6.8537
    2.1152    6.8597
    2.1404    6.8673
    2.1656    6.8761
    2.1908    6.8859
    2.2159    6.8966
    2.2411    6.9079
    2.2663    6.9196
    2.2915    6.9314
    2.3166    6.9432
    2.3418    6.9547
    2.3670    6.9658
    2.3922    6.9763
    2.4173    6.9862
    2.4425    6.9954
    2.4677    7.0037
    2.4929    7.0113
    2.5180    7.0180
    2.5432    7.0238
    2.5684    7.0289
    2.5936    7.0331
    2.6187    7.0364
    2.6439    7.0389
    2.6691    7.0404
    2.6943    7.0408
    2.7194    7.0404
    2.7446    7.0397
    2.7698    7.0394

    0.0000    7.0571
    0.0194    7.0576
    0.0389    7.0592
    0.0583    7.0618
    0.0778    7.0654
    0.0972    7.0699
    0.1166    7.0753
    0.1361    7.0816
    0.1555    7.0887
    0.1750    7.0965
    0.1944    7.1049
    0.2138    7.1138
    0.2333    7.1231
    0.2527    7.1328
    0.2722    7.1427
    0.2916    7.1527
    0.3111    7.1627
    0.3305    7.1726
    0.3499    7.1662
    0.3694    7.1513
    0.3888    7.1371
    0.4083    7.1237
    0.4277    7.1113
    0.4471    7.1001
    0.4666    7.0900
    0.4860    7.0813
    0.5055    7.0741
    0.5249    7.0684
    0.5443    7.0643
    0.5638    7.0618
    0.5832    7.0609
    0.6084    7.0611
    0.6336    7.0615
    0.6587    7.0620
    0.6839    7.0623
    0.7091    7.0620
    0.7343    7.0607
    0.7595    7.0579
    0.7846    7.0532
    0.8098    7.0464
    0.8350    7.0373
    0.8602    7.0260
    0.8853    7.0127
    0.9105    6.9976
    0.9357    6.9810
    0.9609    6.9699
    0.9860    6.9570
    1.0112    6.9430
    1.0364    6.9286
    1.0616    6.9143
    1.0867    6.9004
    1.1119    6.8874
    1.1371    6.8753
    1.1623    6.8645
    1.1874    6.8550
    1.2126    6.8469
    1.2378    6.8403
    1.2630    6.8351
    1.2881    6.8314
    1.3133    6.8291
    1.3385    6.8284
    1.3610    6.8290
    1.3836    6.8307
    1.4061    6.8335
    1.4286    6.8374
    1.4512    6.8422
    1.4737    6.8478
    1.4962    6.8541
    1.5188    6.8608
    1.5413    6.8678
    1.5638    6.8747
    1.5864    6.8814
    1.6089    6.8875
    1.6314    6.8928
    1.6540    6.8969
    1.6765    6.8996
    1.6990    6.9007
    1.7216    6.9002
    1.7441    6.8980
    1.7666    6.8944
    1.7892    6.8897
    1.8117    6.8890
    1.8343    6.8872
    1.8568    6.8846
    1.8793    6.8816
    1.9019    6.8784
    1.9244    6.8755
    1.9469    6.8729
    1.9695    6.8709
    1.9920    6.8697
    2.0145    6.8693
    2.0397    6.8701
    2.0649    6.8724
    2.0901    6.8764
    2.1152    6.8819
    2.1404    6.8889
    2.1656    6.8974
    2.1908    6.9073
    2.2159    6.9186
    2.2411    6.9310
    2.2663    6.9446
    2.2915    6.9590
    2.3166    6.9740
    2.3418    6.9894
    2.3670    7.0047
    2.3922    7.0195
    2.4173    7.0333
    2.4425    7.0456
    2.4677    7.0557
    2.4929    7.0634
    2.5180    7.0684
    2.5432    7.0709
    2.5684    7.0713
    2.5936    7.0702
    2.6187    7.0680
    2.6439    7.0654
    2.6691    7.0628
    2.6943    7.0605
    2.7194    7.0586
    2.7446    7.0575
    2.7698    7.0571

    0.0000    7.0629
    0.0194    7.0639
    0.0389    7.0669
    0.0583    7.0719
    0.0778    7.0788
    0.0972    7.0876
    0.1166    7.0981
    0.1361    7.1102
    0.1555    7.1238
    0.1750    7.1388
    0.1944    7.1550
    0.2138    7.1722
    0.2333    7.1902
    0.2527    7.2088
    0.2722    7.2278
    0.2916    7.2133
    0.3111    7.1973
    0.3305    7.1816
    0.3499    7.1662
    0.3694    7.1513
    0.3888    7.1371
    0.4083    7.1237
    0.4277    7.1113
    0.4471    7.1001
    0.4666    7.0900
    0.4860    7.0813
    0.5055    7.0741
    0.5249    7.0684
    0.5443    7.0643
    0.5638    7.0618
    0.5832    7.0609
    0.6084    7.0619
    0.6336    7.0648
    0.6587    7.0696
    0.6839    7.0761
    0.7091    7.0843
    0.7343    7.0939
    0.7595    7.1049
    0.7846    7.1170
    0.8098    7.1299
    0.8350    7.1435
    0.8602    7.1575
    0.8853    7.1717
    0.9105    7.1859
    0.9357    7.1999
    0.9609    7.2135
    0.9860    7.2265
    1.0112    7.2389
    1.0364    7.2505
    1.0616    7.2612
    1.0867    7.2710
    1.1119    7.2798
    1.1371    7.2876
    1.1623    7.2944
    1.1874    7.3002
    1.2126    7.3051
    1.2378    7.3090
    1.2630    7.3121
    1.2881    7.3142
    1.3133    7.3155
    1.3385    7.3159
    1.3610    7.3156
    1.3836    7.3144
    1.4061    7.3125
    1.4286    7.3085
    1.4512    7.3022
    1.4737    7.2947
    1.4962    7.2862
    1.5188    7.2770
    1.5413    7.2671
    1.5638    7.2570
    1.5864    7.2468
    1.6089    7.2370
    1.6314    7.2277
    1.6540    7.2193
    1.6765    7.2121
    1.6990    7.2063
    1.7216    7.2019
    1.7441    7.1990
    1.7666    7.1974
    1.7892    7.1969
    1.8117    7.1971
    1.8343    7.1979
    1.8568    7.1995
    1.8793    7.2012
    1.9019    7.2026
    1.9244    7.2039
    1.9469    7.2049
    1.9695    7.2057
    1.9920    7.2062
    2.0145    7.2064
    2.0397    7.2066
    2.0649    7.2072
    2.0901    7.2082
    2.1152    7.2095
    2.1404    7.2108
    2.1656    7.2121
    2.1908    7.2132
    2.2159    7.2137
    2.2411    7.2137
    2.2663    7.2128
    2.2915    7.2108
    2.3166    7.2078
    2.3418    7.2034
    2.3670    7.1978
    2.3922    7.1909
    2.4173    7.1828
    2.4425    7.1736
    2.4677    7.1634
    2.4929    7.1524
    2.5180    7.1409
    2.5432    7.1292
    2.5684    7.1176
    2.5936    7.1064
    2.6187    7.0959
    2.6439    7.0862
    2.6691    7.0773
    2.6943    7.0703
    2.7194    7.0659
    2.7446    7.0636
    2.7698    7.0629

    0.0000    7.0629
    0.0194    7.0639
    0.0389    7.0669
    0.0583    7.0719
    0.0778    7.0788
    0.0972    7.0876
    0.1166    7.0981
    0.1361    7.1102
    0.1555    7.1238
    0.1750    7.1388
    0.1944    7.1550
    0.2138    7.1722
    0.2333    7.1902
    0.2527    7.2088
    0.2722    7.2278
    0.2916    7.2133
    0.3111    7.1973
    0.3305    7.1816
    0.3499    7.1822
    0.3694    7.1916
    0.3888    7.2005
    0.4083    7.2089
    0.4277    7.2166
    0.4471    7.2237
    0.4666    7.2300
    0.4860    7.2355
    0.5055    7.2400
    0.5249    7.2436
    0.5443    7.2462
    0.5638    7.2477
    0.5832    7.2483
    0.6084    7.2482
    0.6336    7.2480
    0.6587    7.2478
    0.6839    7.2479
    0.7091    7.2485
    0.7343    7.2499
    0.7595    7.2525
    0.7846    7.2564
    0.8098    7.2619
    0.8350    7.2688
    0.8602    7.2770
    0.8853    7.2864
    0.9105    7.2965
    0.9357    7.3071
    0.9609    7.3086
    0.9860    7.3057
    1.0112    7.3036
    1.0364    7.3023
    1.0616    7.3020
    1.0867    7.3025
    1.1119    7.3037
    1.1371    7.3056
    1.1623    7.3079
    1.1874    7.3104
    1.2126    7.3129
    1.2378    7.3153
    1.2630    7.3173
    1.2881    7.3189
    1.3133    7.3199
    1.3385    7.3202
    1.3610    7.3195
    1.3836    7.3172
    1.4061    7.3135
    1.4286    7.3095
    1.4512    7.3055
    1.4737    7.3003
    1.4962    7.2939
    1.5188    7.2863
    1.5413    7.2778
    1.5638    7.2684
    1.5864    7.2586
    1.6089    7.2485
    1.6314    7.2386
    1.6540    7.2292
    1.6765    7.2205
    1.6990    7.2130
    1.7216    7.2068
    1.7441    7.2021
    1.7666    7.1989
    1.7892    7.1973
    1.8117    7.1973
    1.8343    7.1983
    1.8568    7.1997
    1.8793    7.2016
    1.9019    7.2039
    1.9244    7.2061
    1.9469    7.2080
    1.9695    7.2095
    1.9920    7.2105
    2.0145    7.2108
    2.0397    7.2110
    2.0649    7.2114
    2.0901    7.2122
    2.1152    7.2133
    2.1404    7.2148
    2.1656    7.2168
    2.1908    7.2193
    2.2159    7.2223
    2.2411    7.2260
    2.2663    7.2302
    2.2915    7.2352
    2.3166    7.2408
    2.3418    7.2471
    2.3670    7.2540
    2.3922    7.2588
    2.4173    7.2399
    2.4425    7.2207
    2.4677    7.2014
    2.4929    7.1824
    2.5180    7.1637
    2.5432    7.1458
    2.5684    7.1289
    2.5936    7.1133
    2.6187    7.0994
    2.6439    7.0876
    2.6691    7.0786
    2.6943    7.0718
    2.7194    7.0669
    2.7446    7.0639
    2.7698    7.0629

    0.0000    7.3656
    0.0194    7.3648
    0.0389    7.3623
    0.0583    7.3582
    0.0778    7.3524
    0.0972    7.3452
    0.1166    7.3365
    0.1361    7.3265
    0.1555    7.3152
    0.1750    7.3028
    0.1944    7.2894
    0.2138    7.2752
    0.2333    7.2603
    0.2527    7.2449
    0.2722    7.2292
    0.2916    7.2471
    0.3111    7.2664
    0.3305    7.2854
    0.3499    7.3040
    0.3694    7.3220
    0.3888    7.3392
    0.4083    7.3554
    0.4277    7.3704
    0.4471    7.3840
    0.4666    7.3962
    0.4860    7.4067
    0.5055    7.4154
    0.5249    7.4223
    0.5443    7.4273
    0.5638    7.4303
    0.5832    7.4313
    0.6084    7.4299
    0.6336    7.4258
    0.6587    7.4191
    0.6839    7.4102
    0.7091    7.3993
    0.7343    7.3871
    0.7595    7.3742
    0.7846    7.3612
    0.8098    7.3488
    0.8350    7.3379
    0.8602    7.3289
    0.8853    7.3218
    0.9105    7.3164
    0.9357    7.3122
    0.9609    7.3180
    0.9860    7.3288
    1.0112    7.3394
    1.0364    7.3496
    1.0616    7.3592
    1.0867    7.3681
    1.1119    7.3763
    1.1371    7.3837
    1.1623    7.3902
    1.1874    7.3958
    1.2126    7.4006
    1.2378    7.4045
    1.2630    7.4075
    1.2881    7.4096
    1.3133    7.4109
    1.3385    7.4113
    1.3610    7.4113
    1.3836    7.4112
    1.4061    7.4112
    1.4286    7.4115
    1.4512    7.4123
    1.4737    7.4136
    1.4962    7.4158
    1.5188    7.4187
    1.5413    7.4225
    1.5638    7.4271
    1.5864    7.4325
    1.6089    7.4384
    1.6314    7.4449
    1.6540    7.4518
    1.6765    7.4591
    1.6990    7.4593
    1.7216    7.4532
    1.7441    7.4476
    1.7666    7.4423
    1.7892    7.4376
    1.8117    7.4335
    1.8343    7.4300
    1.8568    7.4270
    1.8793    7.4246
    1.9019    7.4228
    1.9244    7.4214
    1.9469    7.4203
    1.9695    7.4197
    1.9920    7.4193
    2.0145    7.4192
    2.0397    7.4184
    2.0649    7.4160
    2.0901    7.4120
    2.1152    7.4065
    2.1404    7.3995
    2.1656    7.3910
    2.1908    7.3811
    2.2159    7.3698
    2.2411    7.3571
    2.2663    7.3432
    2.2915    7.3282
    2.3166    7.3121
    2.3418    7.2951
    2.3670    7.2773
    2.3922    7.2614
    2.4173    7.2694
    2.4425    7.2776
    2.4677    7.2860
    2.4929    7.2945
    2.5180    7.3027
    2.5432    7.3108
    2.5684    7.3190
    2.5936    7.3273
    2.6187    7.3358
    2.6439    7.3438
    2.6691    7.3511
    2.6943    7.3572
    2.7194    7.3618
    2.7446    7.3646
    2.7698    7.3656

    0.0000    7.3656
    0.0194    7.3648
    0.0389    7.3623
    0.0583    7.3582
    0.0778    7.3524
    0.0972    7.3452
    0.1166    7.3365
    0.1361    7.3265
    0.1555    7.3152
    0.1750    7.3028
    0.1944    7.2894
    0.2138    7.2752
    0.2333    7.2603
    0.2527    7.2449
    0.2722    7.2292
    0.2916    7.2471
    0.3111    7.2664
    0.3305    7.2854
    0.3499    7.3040
    0.3694    7.3220
    0.3888    7.3392
    0.4083    7.3554
    0.4277    7.3704
    0.4471    7.3840
    0.4666    7.3962
    0.4860    7.4067
    0.5055    7.4154
    0.5249    7.4223
    0.5443    7.4273
    0.5638    7.4303
    0.5832    7.4313
    0.6084    7.4305
    0.6336    7.4279
    0.6587    7.4238
    0.6839    7.4183
    0.7091    7.4115
    0.7343    7.4038
    0.7595    7.3954
    0.7846    7.3868
    0.8098    7.3783
    0.8350    7.3705
    0.8602    7.3641
    0.8853    7.3597
    0.9105    7.3584
    0.9357    7.3608
    0.9609    7.3670
    0.9860    7.3767
    1.0112    7.3890
    1.0364    7.4033
    1.0616    7.4187
    1.0867    7.4347
    1.1119    7.4507
    1.1371    7.4662
    1.1623    7.4809
    1.1874    7.4943
    1.2126    7.5062
    1.2378    7.5163
    1.2630    7.5243
    1.2881    7.5302
    1.3133    7.5338
    1.3385    7.5350
    1.3610    7.5346
    1.3836    7.5334
    1.4061    7.5314
    1.4286    7.5286
    1.4512    7.5250
    1.4737    7.5209
    1.4962    7.5161
    1.5188    7.5107
    1.5413    7.5049
    1.5638    7.4988
    1.5864    7.4923
    1.6089    7.4857
    1.6314    7.4790
    1.6540    7.4723
    1.6765    7.4657
    1.6990    7.4665
    1.7216    7.4741
    1.7441    7.4816
    1.7666    7.4891
    1.7892    7.4964
    1.8117    7.5033
    1.8343    7.5099
    1.8568    7.5159
    1.8793    7.5214
    1.9019    7.5262
    1.9244    7.5302
    1.9469    7.5334
    1.9695    7.5357
    1.9920    7.5371
    2.0145    7.5376
    2.0397    7.5363
    2.0649    7.5327
    2.0901    7.5267
    2.1152    7.5184
    2.1404    7.5081
    2.1656    7.4959
    2.1908    7.4820
    2.2159    7.4668
    2.2411    7.4506
    2.2663    7.4337
    2.2915    7.4164
    2.3166    7.3993
    2.3418    7.3826
    2.3670    7.3670
    2.3922    7.3529
    2.4173    7.3408
    2.4425    7.3314
    2.4677    7.3250
    2.4929    7.3221
    2.5180    7.3227
    2.5432    7.3262
    2.5684    7.3316
    2.5936    7.3379
    2.6187    7.3444
    2.6439    7.3503
    2.6691    7.3556
    2.6943    7.3599
    2.7194    7.3630
    2.7446    7.3650
    2.7698    7.3656

    0.0000    8.0122
    0.0194    8.0127
    0.0389    8.0142
    0.0583    8.0167
    0.0778    8.0202
    0.0972    8.0246
    0.1166    8.0299
    0.1361    8.0360
    0.1555    8.0429
    0.1750    8.0504
    0.1944    8.0585
    0.2138    8.0672
    0.2333    8.0642
    0.2527    8.0463
    0.2722    8.0281
    0.2916    8.0097
    0.3111    7.9912
    0.3305    7.9730
    0.3499    7.9552
    0.3694    7.9379
    0.3888    7.9215
    0.4083    7.9060
    0.4277    7.8916
    0.4471    7.8786
    0.4666    7.8670
    0.4860    7.8569
    0.5055    7.8485
    0.5249    7.8419
    0.5443    7.8371
    0.5638    7.8342
    0.5832    7.8333
    0.6084    7.8337
    0.6336    7.8348
    0.6587    7.8366
    0.6839    7.8390
    0.7091    7.8419
    0.7343    7.8450
    0.7595    7.8484
    0.7846    7.8516
    0.8098    7.8547
    0.8350    7.8573
    0.8602    7.8594
    0.8853    7.8607
    0.9105    7.8612
    0.9357    7.8608
    0.9609    7.8595
    0.9860    7.8572
    1.0112    7.8539
    1.0364    7.8499
    1.0616    7.8451
    1.0867    7.8397
    1.1119    7.8340
    1.1371    7.8281
    1.1623    7.8222
    1.1874    7.8166
    1.2126    7.8114
    1.2378    7.8068
    1.2630    7.8031
    1.2881    7.8003
    1.3133    7.7986
    1.3385    7.7980
    1.3610    7.7986
    1.3836    7.8001
    1.4061    7.8027
    1.4286    7.8062
    1.4512    7.8107
    1.4737    7.8159
    1.4962    7.8220
    1.5188    7.8287
    1.5413    7.8360
    1.5638    7.8437
    1.5864    7.8517
    1.6089    7.8598
    1.6314    7.8680
    1.6540    7.8760
    1.6765    7.8838
    1.6990    7.8911
    1.7216    7.8893
    1.7441    7.8707
    1.7666    7.8525
    1.7892    7.8351
    1.8117    7.8187
    1.8343    7.8034
    1.8568    7.7895
    1.8793    7.7770
    1.9019    7.7663
    1.9244    7.7573
    1.9469    7.7502
    1.9695    7.7451
    1.9920    7.7420
    2.0145    7.7410
    2.0397    7.7424
    2.0649    7.7468
    2.0901    7.7540
    2.1152    7.7638
    2.1404    7.7759
    2.1656    7.7901
    2.1908    7.8059
    2.2159    7.8229
    2.2411    7.8408
    2.2663    7.8591
    2.2915    7.8775
    2.3166    7.8954
    2.3418    7.9126
    2.3670    7.9288
    2.3922    7.9437
    2.4173    7.9572
    2.4425    7.9690
    2.4677    7.9792
    2.4929    7.9878
    2.5180    7.9948
    2.5432    8.0002
    2.5684    8.0044
    2.5936    8.0074
    2.6187    8.0095
    2.6439    8.0108
    2.6691    8.0116
    2.6943    8.0120
    2.7194    8.0121
    2.7446    8.0122
    2.7698    8.0122

    0.0000    8.0122
    0.0194    8.0127
    0.0389    8.0142
    0.0583    8.0167
    0.0778    8.0202
    0.0972    8.0246
    0.1166    8.0299
    0.1361    8.0360
    0.1555    8.0429
    0.1750    8.0504
    0.1944    8.0585
    0.2138    8.0672
    0.2333    8.0642
    0.2527    8.0463
    0.2722    8.0281
    0.2916    8.0097
    0.3111    7.9912
    0.3305    7.9730
    0.3499    7.9552
    0.3694    7.9379
    0.3888    7.9215
    0.4083    7.9060
    0.4277    7.8916
    0.4471    7.8786
    0.4666    7.8670
    0.4860    7.8569
    0.5055    7.8485
    0.5249    7.8419
    0.5443    7.8371
    0.5638    7.8342
    0.5832    7.8333
    0.6084    7.8346
    0.6336    7.8386
    0.6587    7.8451
    0.6839    7.8539
    0.7091    7.8650
    0.7343    7.8780
    0.7595    7.8927
    0.7846    7.9088
    0.8098    7.9259
    0.8350    7.9437
    0.8602    7.9619
    0.8853    7.9801
    0.9105    7.9981
    0.9357    8.0155
    0.9609    8.0322
    0.9860    8.0443
    1.0112    8.0383
    1.0364    8.0339
    1.0616    8.0309
    1.0867    8.0293
    1.1119    8.0288
    1.1371    8.0292
    1.1623    8.0304
    1.1874    8.0321
    1.2126    8.0341
    1.2378    8.0360
    1.2630    8.0378
    1.2881    8.0391
    1.3133    8.0400
    1.3385    8.0403
    1.3610    8.0401
    1.3836    8.0395
    1.4061    8.0385
    1.4286    8.0371
    1.4512    8.0350
    1.4737    8.0322
    1.4962    8.0284
    1.5188    8.0232
    1.5413    8.0160
    1.5638    8.0064
    1.5864    7.9941
    1.6089    7.9796
    1.6314    7.9632
    1.6540    7.9455
    1.6765    7.9271
    1.6990    7.9082
    1.7216    7.8978
    1.7441    7.9039
    1.7666    7.9093
    1.7892    7.9139
    1.8117    7.9178
    1.8343    7.9209
    1.8568    7.9234
    1.8793    7.9253
    1.9019    7.9267
    1.9244    7.9278
    1.9469    7.9285
    1.9695    7.9289
    1.9920    7.9292
    2.0145    7.9293
    2.0397    7.9295
    2.0649    7.9302
    2.0901    7.9314
    2.1152    7.9331
    2.1404    7.9355
    2.1656    7.9387
    2.1908    7.9426
    2.2159    7.9475
    2.2411    7.9535
    2.2663    7.9606
    2.2915    7.9689
    2.3166    7.9783
    2.3418    7.9890
    2.3670    8.0009
    2.3922    8.0138
    2.4173    8.0277
    2.4425    8.0424
    2.4677    8.0577
    2.4929    8.0714
    2.5180    8.0652
    2.5432    8.0583
    2.5684    8.0510
    2.5936    8.0436
    2.6187    8.0364
    2.6439    8.0297
    2.6691    8.0238
    2.6943    8.0189
    2.7194    8.0152
    2.7446    8.0130
    2.7698    8.0122

    0.0000    8.1860
    0.0194    8.1851
    0.0389    8.1822
    0.0583    8.1774
    0.0778    8.1708
    0.0972    8.1624
    0.1166    8.1524
    0.1361    8.1407
    0.1555    8.1277
    0.1750    8.1133
    0.1944    8.0979
    0.2138    8.0814
    0.2333    8.0762
    0.2527    8.0856
    0.2722    8.0952
    0.2916    8.1049
    0.3111    8.1146
    0.3305    8.1242
    0.3499    8.1335
    0.3694    8.1426
    0.3888    8.1512
    0.4083    8.1594
    0.4277    8.1669
    0.4471    8.1738
    0.4666    8.1799
    0.4860    8.1851
    0.5055    8.1896
    0.5249    8.1930
    0.5443    8.1955
    0.5638    8.1971
    0.5832    8.1976
    0.6084    8.1964
    0.6336    8.1929
    0.6587    8.1873
    0.6839    8.1797
    0.7091    8.1702
    0.7343    8.1593
    0.7595    8.1473
    0.7846    8.1345
    0.8098    8.1212
    0.8350    8.1079
    0.8602    8.0949
    0.8853    8.0825
    0.9105    8.0710
    0.9357    8.0607
    0.9609    8.0518
    0.9860    8.0479
    1.0112    8.0625
    1.0364    8.0759
    1.0616    8.0880
    1.0867    8.0987
    1.1119    8.1056
    1.1371    8.1100
    1.1623    8.1148
    1.1874    8.1196
    1.2126    8.1243
    1.2378    8.1286
    1.2630    8.1321
    1.2881    8.1348
    1.3133    8.1365
    1.3385    8.1371
    1.3610    8.1361
    1.3836    8.1333
    1.4061    8.1287
    1.4286    8.1224
    1.4512    8.1147
    1.4737    8.1057
    1.4962    8.0959
    1.5188    8.0858
    1.5413    8.0761
    1.5638    8.0676
    1.5864    8.0605
    1.6089    8.0549
    1.6314    8.0504
    1.6540    8.0467
    1.6765    8.0435
    1.6990    8.0407
    1.7216    8.0382
    1.7441    8.0360
    1.7666    8.0339
    1.7892    8.0320
    1.8117    8.0303
    1.8343    8.0288
    1.8568    8.0274
    1.8793    8.0262
    1.9019    8.0251
    1.9244    8.0243
    1.9469    8.0236
    1.9695    8.0231
    1.9920    8.0228
    2.0145    8.0227
    2.0397    8.0235
    2.0649    8.0255
    2.0901    8.0289
    2.1152    8.0334
    2.1404    8.0388
    2.1656    8.0449
    2.1908    8.0515
    2.2159    8.0581
    2.2411    8.0645
    2.2663    8.0705
    2.2915    8.0757
    2.3166    8.0798
    2.3418    8.0828
    2.3670    8.0844
    2.3922    8.0846
    2.4173    8.0833
    2.4425    8.0806
    2.4677    8.0766
    2.4929    8.0733
    2.5180    8.0890
    2.5432    8.1044
    2.5684    8.1194
    2.5936    8.1334
    2.6187    8.1464
    2.6439    8.1579
    2.6691    8.1677
    2.6943    8.1756
    2.7194    8.1813
    2.7446    8.1849
    2.7698    8.1860

    0.0000    8.1860
    0.0194    8.1851
    0.0389    8.1822
    0.0583    8.1774
    0.0778    8.1708
    0.0972    8.1624
    0.1166    8.1524
    0.1361    8.1407
    0.1555    8.1277
    0.1750    8.1133
    0.1944    8.0979
    0.2138    8.0814
    0.2333    8.0762
    0.2527    8.0856
    0.2722    8.0952
    0.2916    8.1049
    0.3111    8.1146
    0.3305    8.1242
    0.3499    8.1335
    0.3694    8.1426
    0.3888    8.1512
    0.4083    8.1594
    0.4277    8.1669
    0.4471    8.1738
    0.4666    8.1799
    0.4860    8.1852
    0.5055    8.1896
    0.5249    8.1930
    0.5443    8.1955
    0.5638    8.1971
    0.5832    8.1976
    0.6084    8.1967
    0.6336    8.1940
    0.6587    8.1897
    0.6839    8.1838
    0.7091    8.1767
    0.7343    8.1686
    0.7595    8.1597
    0.7846    8.1505
    0.8098    8.1411
    0.8350    8.1321
    0.8602    8.1236
    0.8853    8.1159
    0.9105    8.1094
    0.9357    8.1041
    0.9609    8.1002
    0.9860    8.0977
    1.0112    8.0968
    1.0364    8.0972
    1.0616    8.0990
    1.0867    8.1018
    1.1119    8.1081
    1.1371    8.1163
    1.1623    8.1231
    1.1874    8.1289
    1.2126    8.1335
    1.2378    8.1372
    1.2630    8.1399
    1.2881    8.1418
    1.3133    8.1429
    1.3385    8.1433
    1.3610    8.1431
    1.3836    8.1425
    1.4061    8.1415
    1.4286    8.1401
    1.4512    8.1384
    1.4737    8.1365
    1.4962    8.1342
    1.5188    8.1318
    1.5413    8.1292
    1.5638    8.1266
    1.5864    8.1240
    1.6089    8.1215
    1.6314    8.1192
    1.6540    8.1171
    1.6765    8.1154
    1.6990    8.1142
    1.7216    8.1134
    1.7441    8.1132
    1.7666    8.1134
    1.7892    8.1142
    1.8117    8.1154
    1.8343    8.1170
    1.8568    8.1188
    1.8793    8.1207
    1.9019    8.1225
    1.9244    8.1243
    1.9469    8.1257
    1.9695    8.1268
    1.9920    8.1275
    2.0145    8.1278
    2.0397    8.1274
    2.0649    8.1265
    2.0901    8.1250
    2.1152    8.1230
    2.1404    8.1207
    2.1656    8.1182
    2.1908    8.1156
    2.2159    8.1132
    2.2411    8.1111
    2.2663    8.1094
    2.2915    8.1084
    2.3166    8.1082
    2.3418    8.1089
    2.3670    8.1105
    2.3922    8.1130
    2.4173    8.1165
    2.4425    8.1210
    2.4677    8.1262
    2.4929    8.1321
    2.5180    8.1386
    2.5432    8.1453
    2.5684    8.1522
    2.5936    8.1589
    2.6187    8.1653
    2.6439    8.1712
    2.6691    8.1763
    2.6943    8.1804
    2.7194    8.1835
    2.7446    8.1854
    2.7698    8.1860

